time	lat	lng	TrackerLocation	groundspeed	ax	ay	ax	gx	gy	gz	mx	my	mz	satcount	
datetime.datetime(2014, 10, 28, 11, 59, 9, 771000)	40.5841504	-75.3567232	<MissionPlanner.Utilities.PointLatLngAlt object at 0x000000000000002B [40.608336,-75.3806976,91]>	6.53	145.0	-48.0	145.0	120.0	-107.0	3.0	184.0	-168.0	127.0	11.0	
datetime.datetime(2014, 10, 28, 11, 59, 9, 896000)	40.5841504	-75.3567232	<MissionPlanner.Utilities.PointLatLngAlt object at 0x000000000000002B [40.608336,-75.3806976,91]>	6.53	145.0	-48.0	145.0	120.0	-107.0	3.0	184.0	-168.0	127.0	11.0	
datetime.datetime(2014, 10, 28, 11, 59, 10, 5000)	40.5841504	-75.3567232	<MissionPlanner.Utilities.PointLatLngAlt object at 0x000000000000002B [40.608336,-75.3806976,91]>	6.53	145.0	-48.0	145.0	120.0	-107.0	3.0	184.0	-168.0	127.0	11.0	
datetime.datetime(2014, 10, 28, 11, 59, 10, 114000)	40.5841504	-75.3567232	<MissionPlanner.Utilities.PointLatLngAlt object at 0x000000000000002B [40.608336,-75.3806976,91]>	6.53	145.0	-48.0	145.0	120.0	-107.0	3.0	184.0	-168.0	127.0	11.0	
datetime.datetime(2014, 10, 28, 11, 59, 10, 224000)	40.5841504	-75.3567232	<MissionPlanner.Utilities.PointLatLngAlt object at 0x000000000000002B [40.608336,-75.3806976,91]>	6.53	145.0	-48.0	145.0	120.0	-107.0	3.0	184.0	-168.0	127.0	11.0	
datetime.datetime(2014, 10, 28, 11, 59, 10, 333000)	40.5841504	-75.3567232	<MissionPlanner.Utilities.PointLatLngAlt object at 0x000000000000002B [40.608336,-75.3806976,91]>	6.53	145.0	-48.0	145.0	120.0	-107.0	3.0	184.0	-168.0	127.0	11.0	
datetime.datetime(2014, 10, 28, 11, 59, 10, 442000)	40.5841504	-75.3567232	<MissionPlanner.Utilities.PointLatLngAlt object at 0x000000000000002B [40.608336,-75.3806976,91]>	6.53	145.0	-48.0	145.0	120.0	-107.0	3.0	184.0	-168.0	127.0	11.0	
datetime.datetime(2014, 10, 28, 11, 59, 10, 551000)	40.5841504	-75.3567232	<MissionPlanner.Utilities.PointLatLngAlt object at 0x000000000000002B [40.608336,-75.3806976,91]>	6.53	145.0	-48.0	145.0	120.0	-107.0	3.0	184.0	-168.0	127.0	11.0	
datetime.datetime(2014, 10, 28, 11, 59, 10, 660000)	40.5841504	-75.3567232	<MissionPlanner.Utilities.PointLatLngAlt object at 0x000000000000002B [40.608336,-75.3806976,91]>	6.53	145.0	-48.0	145.0	120.0	-107.0	3.0	184.0	-168.0	127.0	11.0	
datetime.datetime(2014, 10, 28, 11, 59, 10, 770000)	40.5841504	-75.3567232	<MissionPlanner.Utilities.PointLatLngAlt object at 0x000000000000002B [40.608336,-75.3806976,91]>	6.53	145.0	-48.0	145.0	120.0	-107.0	3.0	184.0	-168.0	127.0	11.0	
datetime.datetime(2014, 10, 28, 11, 59, 10, 879000)	40.5841504	-75.3567232	<MissionPlanner.Utilities.PointLatLngAlt object at 0x000000000000002B [40.608336,-75.3806976,91]>	6.53	145.0	-48.0	145.0	120.0	-107.0	3.0	184.0	-168.0	127.0	11.0	
datetime.datetime(2014, 10, 28, 11, 59, 10, 988000)	40.5841504	-75.3567232	<MissionPlanner.Utilities.PointLatLngAlt object at 0x000000000000002B [40.608336,-75.3806976,91]>	6.53	145.0	-48.0	145.0	120.0	-107.0	3.0	184.0	-168.0	127.0	11.0	
datetime.datetime(2014, 10, 28, 11, 59, 11, 97000)	40.5841504	-75.3567232	<MissionPlanner.Utilities.PointLatLngAlt object at 0x000000000000002B [40.608336,-75.3806976,91]>	6.53	145.0	-48.0	145.0	120.0	-107.0	3.0	184.0	-168.0	127.0	11.0	
datetime.datetime(2014, 10, 28, 11, 59, 11, 206000)	40.5841504	-75.3567232	<MissionPlanner.Utilities.PointLatLngAlt object at 0x000000000000002B [40.608336,-75.3806976,91]>	6.53	145.0	-48.0	145.0	120.0	-107.0	3.0	184.0	-168.0	127.0	11.0	
datetime.datetime(2014, 10, 28, 11, 59, 11, 316000)	40.5841504	-75.3567232	<MissionPlanner.Utilities.PointLatLngAlt object at 0x000000000000002B [40.608336,-75.3806976,91]>	6.53	145.0	-48.0	145.0	120.0	-107.0	3.0	184.0	-168.0	127.0	11.0	
datetime.datetime(2014, 10, 28, 11, 59, 11, 425000)	40.5841504	-75.3567232	<MissionPlanner.Utilities.PointLatLngAlt object at 0x000000000000002B [40.608336,-75.3806976,91]>	6.53	145.0	-48.0	145.0	120.0	-107.0	3.0	184.0	-168.0	127.0	11.0	
datetime.datetime(2014, 10, 28, 11, 59, 11, 534000)	40.5841504	-75.3567232	<MissionPlanner.Utilities.PointLatLngAlt object at 0x000000000000002B [40.608336,-75.3806976,91]>	6.53	145.0	-48.0	145.0	120.0	-107.0	3.0	184.0	-168.0	127.0	11.0	
datetime.datetime(2014, 10, 28, 11, 59, 11, 643000)	40.5841504	-75.3567232	<MissionPlanner.Utilities.PointLatLngAlt object at 0x000000000000002B [40.608336,-75.3806976,91]>	6.53	145.0	-48.0	145.0	120.0	-107.0	3.0	184.0	-168.0	127.0	11.0	
datetime.datetime(2014, 10, 28, 11, 59, 11, 752000)	40.5841504	-75.3567232	<MissionPlanner.Utilities.PointLatLngAlt object at 0x000000000000002B [40.608336,-75.3806976,91]>	6.53	145.0	-48.0	145.0	120.0	-107.0	3.0	184.0	-168.0	127.0	11.0	
datetime.datetime(2014, 10, 28, 11, 59, 11, 862000)	40.5841504	-75.3567232	<MissionPlanner.Utilities.PointLatLngAlt object at 0x000000000000002B [40.608336,-75.3806976,91]>	6.53	145.0	-48.0	145.0	120.0	-107.0	3.0	184.0	-168.0	127.0	11.0	
datetime.datetime(2014, 10, 28, 11, 59, 11, 971000)	40.5841504	-75.3567232	<MissionPlanner.Utilities.PointLatLngAlt object at 0x000000000000002B [40.608336,-75.3806976,91]>	6.53	145.0	-48.0	145.0	120.0	-107.0	3.0	184.0	-168.0	127.0	11.0	
datetime.datetime(2014, 10, 28, 11, 59, 12, 80000)	40.5841504	-75.3567232	<MissionPlanner.Utilities.PointLatLngAlt object at 0x000000000000002B [40.608336,-75.3806976,91]>	6.53	145.0	-48.0	145.0	120.0	-107.0	3.0	184.0	-168.0	127.0	11.0	
datetime.datetime(2014, 10, 28, 11, 59, 12, 189000)	40.5841504	-75.3567232	<MissionPlanner.Utilities.PointLatLngAlt object at 0x000000000000002B [40.608336,-75.3806976,91]>	6.53	145.0	-48.0	145.0	120.0	-107.0	3.0	184.0	-168.0	127.0	11.0	
datetime.datetime(2014, 10, 28, 11, 59, 12, 298000)	40.5841504	-75.3567232	<MissionPlanner.Utilities.PointLatLngAlt object at 0x000000000000002B [40.608336,-75.3806976,91]>	6.53	145.0	-48.0	145.0	120.0	-107.0	3.0	184.0	-168.0	127.0	11.0	
datetime.datetime(2014, 10, 28, 11, 59, 12, 408000)	40.5841504	-75.3567232	<MissionPlanner.Utilities.PointLatLngAlt object at 0x000000000000002B [40.608336,-75.3806976,91]>	6.53	145.0	-48.0	145.0	120.0	-107.0	3.0	184.0	-168.0	127.0	11.0	
datetime.datetime(2014, 10, 28, 11, 59, 12, 517000)	40.5841504	-75.3567232	<MissionPlanner.Utilities.PointLatLngAlt object at 0x000000000000002B [40.608336,-75.3806976,91]>	6.53	145.0	-48.0	145.0	120.0	-107.0	3.0	184.0	-168.0	127.0	11.0	
datetime.datetime(2014, 10, 28, 11, 59, 12, 626000)	40.5841504	-75.3567232	<MissionPlanner.Utilities.PointLatLngAlt object at 0x000000000000002B [40.608336,-75.3806976,91]>	6.53	145.0	-48.0	145.0	120.0	-107.0	3.0	184.0	-168.0	127.0	11.0	
datetime.datetime(2014, 10, 28, 11, 59, 12, 735000)	40.584176	-75.3567168	<MissionPlanner.Utilities.PointLatLngAlt object at 0x000000000000002B [40.608336,-75.3806976,91]>	6.53	145.0	-48.0	145.0	120.0	-107.0	3.0	184.0	-168.0	127.0	11.0	
datetime.datetime(2014, 10, 28, 11, 59, 12, 844000)	40.584176	-75.3567168	<MissionPlanner.Utilities.PointLatLngAlt object at 0x000000000000002B [40.608336,-75.3806976,91]>	6.53	145.0	-48.0	145.0	120.0	-107.0	3.0	184.0	-168.0	127.0	11.0	
datetime.datetime(2014, 10, 28, 11, 59, 12, 954000)	40.584176	-75.3567168	<MissionPlanner.Utilities.PointLatLngAlt object at 0x000000000000002B [40.608336,-75.3806976,91]>	6.53	145.0	-48.0	145.0	120.0	-107.0	3.0	184.0	-168.0	127.0	11.0	
datetime.datetime(2014, 10, 28, 11, 59, 13, 63000)	40.584176	-75.3567168	<MissionPlanner.Utilities.PointLatLngAlt object at 0x000000000000002B [40.608336,-75.3806976,91]>	6.53	145.0	-48.0	145.0	120.0	-107.0	3.0	184.0	-168.0	127.0	11.0	
datetime.datetime(2014, 10, 28, 11, 59, 13, 172000)	40.584272	-75.3566912	<MissionPlanner.Utilities.PointLatLngAlt object at 0x000000000000002B [40.608336,-75.3806976,91]>	7.99	145.0	-48.0	145.0	120.0	-107.0	3.0	184.0	-168.0	127.0	11.0	
datetime.datetime(2014, 10, 28, 11, 59, 13, 281000)	40.584272	-75.3566912	<MissionPlanner.Utilities.PointLatLngAlt object at 0x000000000000002B [40.608336,-75.3806976,91]>	7.99	145.0	-48.0	145.0	120.0	-107.0	3.0	184.0	-168.0	127.0	11.0	
datetime.datetime(2014, 10, 28, 11, 59, 13, 390000)	40.584272	-75.3566912	<MissionPlanner.Utilities.PointLatLngAlt object at 0x000000000000002B [40.608336,-75.3806976,91]>	8.13	145.0	-48.0	145.0	120.0	-107.0	3.0	184.0	-168.0	127.0	11.0	
datetime.datetime(2014, 10, 28, 11, 59, 13, 500000)	40.584272	-75.3566912	<MissionPlanner.Utilities.PointLatLngAlt object at 0x000000000000002B [40.608336,-75.3806976,91]>	8.13	145.0	-48.0	145.0	120.0	-107.0	3.0	184.0	-168.0	127.0	11.0	
datetime.datetime(2014, 10, 28, 11, 59, 13, 609000)	40.584272	-75.3566912	<MissionPlanner.Utilities.PointLatLngAlt object at 0x000000000000002B [40.608336,-75.3806976,91]>	8.13	145.0	-48.0	145.0	120.0	-107.0	3.0	184.0	-168.0	127.0	11.0	
datetime.datetime(2014, 10, 28, 11, 59, 13, 718000)	40.584272	-75.3566912	<MissionPlanner.Utilities.PointLatLngAlt object at 0x000000000000002B [40.608336,-75.3806976,91]>	8.13	145.0	-48.0	145.0	120.0	-107.0	3.0	184.0	-168.0	127.0	11.0	
datetime.datetime(2014, 10, 28, 11, 59, 13, 827000)	40.584272	-75.3566912	<MissionPlanner.Utilities.PointLatLngAlt object at 0x000000000000002B [40.608336,-75.3806976,91]>	8.13	145.0	-48.0	145.0	120.0	-107.0	3.0	184.0	-168.0	127.0	11.0	
datetime.datetime(2014, 10, 28, 11, 59, 13, 936000)	40.584272	-75.3566912	<MissionPlanner.Utilities.PointLatLngAlt object at 0x000000000000002B [40.608336,-75.3806976,91]>	8.13	145.0	-48.0	145.0	120.0	-107.0	3.0	184.0	-168.0	127.0	11.0	
datetime.datetime(2014, 10, 28, 11, 59, 14, 46000)	40.584272	-75.3566912	<MissionPlanner.Utilities.PointLatLngAlt object at 0x000000000000002B [40.608336,-75.3806976,91]>	8.13	145.0	-48.0	145.0	120.0	-107.0	3.0	184.0	-168.0	127.0	11.0	
datetime.datetime(2014, 10, 28, 11, 59, 14, 155000)	40.584272	-75.3566912	<MissionPlanner.Utilities.PointLatLngAlt object at 0x000000000000002B [40.608336,-75.3806976,91]>	8.13	145.0	-48.0	145.0	120.0	-107.0	3.0	184.0	-168.0	127.0	11.0	
datetime.datetime(2014, 10, 28, 11, 59, 14, 264000)	40.584272	-75.3566912	<MissionPlanner.Utilities.PointLatLngAlt object at 0x000000000000002B [40.608336,-75.3806976,91]>	8.13	145.0	-48.0	145.0	120.0	-107.0	3.0	184.0	-168.0	127.0	11.0	
datetime.datetime(2014, 10, 28, 11, 59, 14, 373000)	40.584272	-75.3566912	<MissionPlanner.Utilities.PointLatLngAlt object at 0x000000000000002B [40.608336,-75.3806976,91]>	8.13	145.0	-48.0	145.0	120.0	-107.0	3.0	184.0	-168.0	127.0	11.0	
datetime.datetime(2014, 10, 28, 11, 59, 14, 482000)	40.584272	-75.3566912	<MissionPlanner.Utilities.PointLatLngAlt object at 0x000000000000002B [40.608336,-75.3806976,91]>	8.13	145.0	-48.0	145.0	120.0	-107.0	3.0	184.0	-168.0	127.0	11.0	
datetime.datetime(2014, 10, 28, 11, 59, 14, 592000)	40.584272	-75.3566912	<MissionPlanner.Utilities.PointLatLngAlt object at 0x000000000000002B [40.608336,-75.3806976,91]>	8.13	145.0	-48.0	145.0	120.0	-107.0	3.0	184.0	-168.0	127.0	11.0	
datetime.datetime(2014, 10, 28, 11, 59, 14, 701000)	40.584272	-75.3566912	<MissionPlanner.Utilities.PointLatLngAlt object at 0x000000000000002B [40.608336,-75.3806976,91]>	8.13	145.0	-48.0	145.0	120.0	-107.0	3.0	184.0	-168.0	127.0	11.0	
datetime.datetime(2014, 10, 28, 11, 59, 14, 810000)	40.584272	-75.3566912	<MissionPlanner.Utilities.PointLatLngAlt object at 0x000000000000002B [40.608336,-75.3806976,91]>	8.13	145.0	-48.0	145.0	120.0	-107.0	3.0	184.0	-168.0	127.0	11.0	
datetime.datetime(2014, 10, 28, 11, 59, 14, 919000)	40.584272	-75.3566912	<MissionPlanner.Utilities.PointLatLngAlt object at 0x000000000000002B [40.608336,-75.3806976,91]>	8.13	145.0	-48.0	145.0	120.0	-107.0	3.0	184.0	-168.0	127.0	11.0	
datetime.datetime(2014, 10, 28, 11, 59, 15, 28000)	40.584272	-75.3566912	<MissionPlanner.Utilities.PointLatLngAlt object at 0x000000000000002B [40.608336,-75.3806976,91]>	8.13	145.0	-48.0	145.0	120.0	-107.0	3.0	184.0	-168.0	127.0	11.0	
datetime.datetime(2014, 10, 28, 11, 59, 15, 138000)	40.584272	-75.3566912	<MissionPlanner.Utilities.PointLatLngAlt object at 0x000000000000002B [40.608336,-75.3806976,91]>	8.13	145.0	-48.0	145.0	120.0	-107.0	3.0	184.0	-168.0	127.0	11.0	
datetime.datetime(2014, 10, 28, 11, 59, 15, 247000)	40.584272	-75.3566912	<MissionPlanner.Utilities.PointLatLngAlt object at 0x000000000000002B [40.608336,-75.3806976,91]>	8.13	145.0	-48.0	145.0	120.0	-107.0	3.0	184.0	-168.0	127.0	11.0	
datetime.datetime(2014, 10, 28, 11, 59, 15, 356000)	40.584272	-75.3566912	<MissionPlanner.Utilities.PointLatLngAlt object at 0x000000000000002B [40.608336,-75.3806976,91]>	8.13	145.0	-48.0	145.0	120.0	-107.0	3.0	184.0	-168.0	127.0	11.0	
datetime.datetime(2014, 10, 28, 11, 59, 15, 465000)	40.584272	-75.3566912	<MissionPlanner.Utilities.PointLatLngAlt object at 0x000000000000002B [40.608336,-75.3806976,91]>	8.13	145.0	-48.0	145.0	120.0	-107.0	3.0	184.0	-168.0	127.0	11.0	
datetime.datetime(2014, 10, 28, 11, 59, 15, 574000)	40.584272	-75.3566912	<MissionPlanner.Utilities.PointLatLngAlt object at 0x000000000000002B [40.608336,-75.3806976,91]>	8.13	145.0	-48.0	145.0	120.0	-107.0	3.0	184.0	-168.0	127.0	11.0	
datetime.datetime(2014, 10, 28, 11, 59, 15, 684000)	40.584272	-75.3566912	<MissionPlanner.Utilities.PointLatLngAlt object at 0x000000000000002B [40.608336,-75.3806976,91]>	8.13	145.0	-48.0	145.0	120.0	-107.0	3.0	184.0	-168.0	127.0	11.0	
datetime.datetime(2014, 10, 28, 11, 59, 15, 793000)	40.584272	-75.3566912	<MissionPlanner.Utilities.PointLatLngAlt object at 0x000000000000002B [40.608336,-75.3806976,91]>	8.13	145.0	-48.0	145.0	120.0	-107.0	3.0	184.0	-168.0	127.0	11.0	
datetime.datetime(2014, 10, 28, 11, 59, 15, 902000)	40.584272	-75.3566912	<MissionPlanner.Utilities.PointLatLngAlt object at 0x000000000000002B [40.608336,-75.3806976,91]>	8.13	145.0	-48.0	145.0	120.0	-107.0	3.0	184.0	-168.0	127.0	11.0	
datetime.datetime(2014, 10, 28, 11, 59, 16, 11000)	40.584272	-75.3566912	<MissionPlanner.Utilities.PointLatLngAlt object at 0x000000000000002B [40.608336,-75.3806976,91]>	8.13	145.0	-48.0	145.0	120.0	-107.0	3.0	184.0	-168.0	127.0	11.0	
datetime.datetime(2014, 10, 28, 11, 59, 16, 120000)	40.584272	-75.3566912	<MissionPlanner.Utilities.PointLatLngAlt object at 0x000000000000002B [40.608336,-75.3806976,91]>	8.13	145.0	-48.0	145.0	120.0	-107.0	3.0	184.0	-168.0	127.0	11.0	
datetime.datetime(2014, 10, 28, 11, 59, 16, 230000)	40.584272	-75.3566912	<MissionPlanner.Utilities.PointLatLngAlt object at 0x000000000000002B [40.608336,-75.3806976,91]>	8.13	145.0	-48.0	145.0	120.0	-107.0	3.0	184.0	-168.0	127.0	11.0	
datetime.datetime(2014, 10, 28, 11, 59, 16, 339000)	40.584272	-75.3566912	<MissionPlanner.Utilities.PointLatLngAlt object at 0x000000000000002B [40.608336,-75.3806976,91]>	8.13	145.0	-48.0	145.0	120.0	-107.0	3.0	184.0	-168.0	127.0	11.0	
datetime.datetime(2014, 10, 28, 11, 59, 16, 448000)	40.584272	-75.3566912	<MissionPlanner.Utilities.PointLatLngAlt object at 0x000000000000002B [40.608336,-75.3806976,91]>	8.13	145.0	-48.0	145.0	120.0	-107.0	3.0	184.0	-168.0	127.0	11.0	
datetime.datetime(2014, 10, 28, 11, 59, 16, 557000)	40.584272	-75.3566912	<MissionPlanner.Utilities.PointLatLngAlt object at 0x000000000000002B [40.608336,-75.3806976,91]>	8.13	145.0	-48.0	145.0	120.0	-107.0	3.0	184.0	-168.0	127.0	11.0	
datetime.datetime(2014, 10, 28, 11, 59, 16, 666000)	40.584272	-75.3566912	<MissionPlanner.Utilities.PointLatLngAlt object at 0x000000000000002B [40.608336,-75.3806976,91]>	8.13	145.0	-48.0	145.0	120.0	-107.0	3.0	184.0	-168.0	127.0	11.0	
datetime.datetime(2014, 10, 28, 11, 59, 16, 776000)	40.584272	-75.3566912	<MissionPlanner.Utilities.PointLatLngAlt object at 0x000000000000002B [40.608336,-75.3806976,91]>	8.13	145.0	-48.0	145.0	120.0	-107.0	3.0	184.0	-168.0	127.0	11.0	
datetime.datetime(2014, 10, 28, 11, 59, 16, 885000)	40.584272	-75.3566912	<MissionPlanner.Utilities.PointLatLngAlt object at 0x000000000000002B [40.608336,-75.3806976,91]>	8.13	145.0	-48.0	145.0	120.0	-107.0	3.0	184.0	-168.0	127.0	11.0	
datetime.datetime(2014, 10, 28, 11, 59, 16, 994000)	40.584272	-75.3566912	<MissionPlanner.Utilities.PointLatLngAlt object at 0x000000000000002B [40.608336,-75.3806976,91]>	8.13	145.0	-48.0	145.0	120.0	-107.0	3.0	184.0	-168.0	127.0	11.0	
datetime.datetime(2014, 10, 28, 11, 59, 17, 103000)	40.584272	-75.3566912	<MissionPlanner.Utilities.PointLatLngAlt object at 0x000000000000002B [40.608336,-75.3806976,91]>	8.13	145.0	-48.0	145.0	120.0	-107.0	3.0	184.0	-168.0	127.0	11.0	
datetime.datetime(2014, 10, 28, 11, 59, 17, 212000)	40.584272	-75.3566912	<MissionPlanner.Utilities.PointLatLngAlt object at 0x000000000000002B [40.608336,-75.3806976,91]>	8.13	145.0	-48.0	145.0	120.0	-107.0	3.0	184.0	-168.0	127.0	11.0	
datetime.datetime(2014, 10, 28, 11, 59, 17, 322000)	40.584272	-75.3566912	<MissionPlanner.Utilities.PointLatLngAlt object at 0x000000000000002B [40.608336,-75.3806976,91]>	8.13	145.0	-48.0	145.0	120.0	-107.0	3.0	184.0	-168.0	127.0	11.0	
datetime.datetime(2014, 10, 28, 11, 59, 17, 431000)	40.584272	-75.3566912	<MissionPlanner.Utilities.PointLatLngAlt object at 0x000000000000002B [40.608336,-75.3806976,91]>	8.13	145.0	-48.0	145.0	120.0	-107.0	3.0	184.0	-168.0	127.0	11.0	
datetime.datetime(2014, 10, 28, 11, 59, 17, 540000)	40.584272	-75.3566912	<MissionPlanner.Utilities.PointLatLngAlt object at 0x000000000000002B [40.608336,-75.3806976,91]>	8.13	145.0	-48.0	145.0	120.0	-107.0	3.0	184.0	-168.0	127.0	11.0	
datetime.datetime(2014, 10, 28, 11, 59, 17, 649000)	40.584272	-75.3566912	<MissionPlanner.Utilities.PointLatLngAlt object at 0x000000000000002B [40.608336,-75.3806976,91]>	8.13	145.0	-48.0	145.0	120.0	-107.0	3.0	184.0	-168.0	127.0	11.0	
datetime.datetime(2014, 10, 28, 11, 59, 17, 758000)	40.584272	-75.3566912	<MissionPlanner.Utilities.PointLatLngAlt object at 0x000000000000002B [40.608336,-75.3806976,91]>	8.13	145.0	-48.0	145.0	120.0	-107.0	3.0	184.0	-168.0	127.0	11.0	
datetime.datetime(2014, 10, 28, 11, 59, 17, 868000)	40.584272	-75.3566912	<MissionPlanner.Utilities.PointLatLngAlt object at 0x000000000000002B [40.608336,-75.3806976,91]>	8.13	145.0	-48.0	145.0	120.0	-107.0	3.0	184.0	-168.0	127.0	11.0	
datetime.datetime(2014, 10, 28, 11, 59, 17, 977000)	40.584272	-75.3566912	<MissionPlanner.Utilities.PointLatLngAlt object at 0x000000000000002B [40.608336,-75.3806976,91]>	8.13	145.0	-48.0	145.0	120.0	-107.0	3.0	184.0	-168.0	127.0	11.0	
datetime.datetime(2014, 10, 28, 11, 59, 18, 86000)	40.584272	-75.3566912	<MissionPlanner.Utilities.PointLatLngAlt object at 0x000000000000002B [40.608336,-75.3806976,91]>	8.13	145.0	-48.0	145.0	120.0	-107.0	3.0	184.0	-168.0	127.0	11.0	
datetime.datetime(2014, 10, 28, 11, 59, 18, 195000)	40.584272	-75.3566912	<MissionPlanner.Utilities.PointLatLngAlt object at 0x000000000000002B [40.608336,-75.3806976,91]>	8.13	145.0	-48.0	145.0	120.0	-107.0	3.0	184.0	-168.0	127.0	11.0	
datetime.datetime(2014, 10, 28, 11, 59, 18, 304000)	40.584272	-75.3566912	<MissionPlanner.Utilities.PointLatLngAlt object at 0x000000000000002B [40.608336,-75.3806976,91]>	8.13	145.0	-48.0	145.0	120.0	-107.0	3.0	184.0	-168.0	127.0	11.0	
datetime.datetime(2014, 10, 28, 11, 59, 18, 414000)	40.584272	-75.3566912	<MissionPlanner.Utilities.PointLatLngAlt object at 0x000000000000002B [40.608336,-75.3806976,91]>	7.99	145.0	-48.0	145.0	120.0	-107.0	3.0	184.0	-168.0	127.0	11.0	
datetime.datetime(2014, 10, 28, 11, 59, 18, 523000)	40.584272	-75.3566912	<MissionPlanner.Utilities.PointLatLngAlt object at 0x000000000000002B [40.608336,-75.3806976,91]>	7.99	145.0	-48.0	145.0	120.0	-107.0	3.0	184.0	-168.0	127.0	11.0	
datetime.datetime(2014, 10, 28, 11, 59, 18, 632000)	40.584272	-75.3566912	<MissionPlanner.Utilities.PointLatLngAlt object at 0x000000000000002B [40.608336,-75.3806976,91]>	7.99	145.0	-48.0	145.0	120.0	-107.0	3.0	184.0	-168.0	127.0	11.0	
datetime.datetime(2014, 10, 28, 11, 59, 18, 741000)	40.584272	-75.3566912	<MissionPlanner.Utilities.PointLatLngAlt object at 0x000000000000002B [40.608336,-75.3806976,91]>	7.99	145.0	-48.0	145.0	120.0	-107.0	3.0	184.0	-168.0	127.0	11.0	
datetime.datetime(2014, 10, 28, 11, 59, 18, 850000)	40.584272	-75.3566912	<MissionPlanner.Utilities.PointLatLngAlt object at 0x000000000000002B [40.608336,-75.3806976,91]>	7.99	145.0	-48.0	145.0	120.0	-107.0	3.0	184.0	-168.0	127.0	11.0	
datetime.datetime(2014, 10, 28, 11, 59, 18, 960000)	40.584272	-75.3566912	<MissionPlanner.Utilities.PointLatLngAlt object at 0x000000000000002B [40.608336,-75.3806976,91]>	7.99	145.0	-48.0	145.0	120.0	-107.0	3.0	184.0	-168.0	127.0	11.0	
datetime.datetime(2014, 10, 28, 11, 59, 19, 69000)	40.584272	-75.3566912	<MissionPlanner.Utilities.PointLatLngAlt object at 0x000000000000002B [40.608336,-75.3806976,91]>	7.99	145.0	-48.0	145.0	120.0	-107.0	3.0	184.0	-168.0	127.0	11.0	
datetime.datetime(2014, 10, 28, 11, 59, 19, 178000)	40.584272	-75.3566912	<MissionPlanner.Utilities.PointLatLngAlt object at 0x000000000000002B [40.608336,-75.3806976,91]>	7.99	145.0	-48.0	145.0	120.0	-107.0	3.0	184.0	-168.0	127.0	11.0	
datetime.datetime(2014, 10, 28, 11, 59, 19, 287000)	40.584272	-75.3566912	<MissionPlanner.Utilities.PointLatLngAlt object at 0x000000000000002B [40.608336,-75.3806976,91]>	7.99	145.0	-48.0	145.0	120.0	-107.0	3.0	184.0	-168.0	127.0	11.0	
datetime.datetime(2014, 10, 28, 11, 59, 19, 396000)	40.584272	-75.3566912	<MissionPlanner.Utilities.PointLatLngAlt object at 0x000000000000002B [40.608336,-75.3806976,91]>	7.68	145.0	-48.0	145.0	120.0	-107.0	3.0	184.0	-168.0	127.0	11.0	
datetime.datetime(2014, 10, 28, 11, 59, 19, 506000)	40.584272	-75.3566912	<MissionPlanner.Utilities.PointLatLngAlt object at 0x000000000000002B [40.608336,-75.3806976,91]>	7.68	145.0	-48.0	145.0	120.0	-107.0	3.0	184.0	-168.0	127.0	11.0	
datetime.datetime(2014, 10, 28, 11, 59, 19, 615000)	40.584272	-75.3566912	<MissionPlanner.Utilities.PointLatLngAlt object at 0x000000000000002B [40.608336,-75.3806976,91]>	7.68	145.0	-48.0	145.0	120.0	-107.0	3.0	184.0	-168.0	127.0	11.0	
datetime.datetime(2014, 10, 28, 11, 59, 19, 724000)	40.584272	-75.3566912	<MissionPlanner.Utilities.PointLatLngAlt object at 0x000000000000002B [40.608336,-75.3806976,91]>	7.68	145.0	-48.0	145.0	120.0	-107.0	3.0	184.0	-168.0	127.0	11.0	
datetime.datetime(2014, 10, 28, 11, 59, 19, 833000)	40.584272	-75.3566912	<MissionPlanner.Utilities.PointLatLngAlt object at 0x000000000000002B [40.608336,-75.3806976,91]>	7.68	145.0	-48.0	145.0	120.0	-107.0	3.0	184.0	-168.0	127.0	11.0	
datetime.datetime(2014, 10, 28, 11, 59, 19, 942000)	40.584272	-75.3566912	<MissionPlanner.Utilities.PointLatLngAlt object at 0x000000000000002B [40.608336,-75.3806976,91]>	7.68	145.0	-48.0	145.0	120.0	-107.0	3.0	184.0	-168.0	127.0	11.0	
datetime.datetime(2014, 10, 28, 11, 59, 20, 52000)	40.584272	-75.3566912	<MissionPlanner.Utilities.PointLatLngAlt object at 0x000000000000002B [40.608336,-75.3806976,91]>	7.68	145.0	-48.0	145.0	120.0	-107.0	3.0	184.0	-168.0	127.0	11.0	
datetime.datetime(2014, 10, 28, 11, 59, 20, 161000)	40.584272	-75.3566912	<MissionPlanner.Utilities.PointLatLngAlt object at 0x000000000000002B [40.608336,-75.3806976,91]>	7.68	145.0	-48.0	145.0	120.0	-107.0	3.0	184.0	-168.0	127.0	11.0	
datetime.datetime(2014, 10, 28, 11, 59, 20, 270000)	40.584272	-75.3566912	<MissionPlanner.Utilities.PointLatLngAlt object at 0x000000000000002B [40.608336,-75.3806976,91]>	7.68	145.0	-48.0	145.0	120.0	-107.0	3.0	184.0	-168.0	127.0	11.0	
datetime.datetime(2014, 10, 28, 11, 59, 20, 379000)	40.584272	-75.3566912	<MissionPlanner.Utilities.PointLatLngAlt object at 0x000000000000002B [40.608336,-75.3806976,91]>	7.68	145.0	-48.0	145.0	120.0	-107.0	3.0	184.0	-168.0	127.0	11.0	
datetime.datetime(2014, 10, 28, 11, 59, 20, 488000)	40.584272	-75.3566912	<MissionPlanner.Utilities.PointLatLngAlt object at 0x000000000000002B [40.608336,-75.3806976,91]>	7.68	145.0	-48.0	145.0	120.0	-107.0	3.0	184.0	-168.0	127.0	11.0	
datetime.datetime(2014, 10, 28, 11, 59, 20, 598000)	40.584272	-75.3566912	<MissionPlanner.Utilities.PointLatLngAlt object at 0x000000000000002B [40.608336,-75.3806976,91]>	7.68	145.0	-48.0	145.0	120.0	-107.0	3.0	184.0	-168.0	127.0	11.0	
datetime.datetime(2014, 10, 28, 11, 59, 20, 707000)	40.5846592	-75.356512	<MissionPlanner.Utilities.PointLatLngAlt object at 0x000000000000002B [40.608336,-75.3806976,91]>	7.86	145.0	-48.0	145.0	120.0	-107.0	3.0	184.0	-168.0	127.0	11.0	
datetime.datetime(2014, 10, 28, 11, 59, 20, 816000)	40.5846592	-75.356512	<MissionPlanner.Utilities.PointLatLngAlt object at 0x000000000000002B [40.608336,-75.3806976,91]>	7.86	145.0	-48.0	145.0	120.0	-107.0	3.0	184.0	-168.0	127.0	11.0	
datetime.datetime(2014, 10, 28, 11, 59, 20, 925000)	40.5846592	-75.356512	<MissionPlanner.Utilities.PointLatLngAlt object at 0x000000000000002B [40.608336,-75.3806976,91]>	7.86	145.0	-48.0	145.0	120.0	-107.0	3.0	184.0	-168.0	127.0	11.0	
datetime.datetime(2014, 10, 28, 11, 59, 21, 34000)	40.5846592	-75.356512	<MissionPlanner.Utilities.PointLatLngAlt object at 0x000000000000002B [40.608336,-75.3806976,91]>	7.86	145.0	-48.0	145.0	120.0	-107.0	3.0	184.0	-168.0	127.0	11.0	
datetime.datetime(2014, 10, 28, 11, 59, 21, 144000)	40.5846592	-75.356512	<MissionPlanner.Utilities.PointLatLngAlt object at 0x000000000000002B [40.608336,-75.3806976,91]>	7.86	145.0	-48.0	145.0	120.0	-107.0	3.0	184.0	-168.0	127.0	11.0	
datetime.datetime(2014, 10, 28, 11, 59, 21, 253000)	40.5846592	-75.356512	<MissionPlanner.Utilities.PointLatLngAlt object at 0x000000000000002B [40.608336,-75.3806976,91]>	7.86	145.0	-48.0	145.0	120.0	-107.0	3.0	184.0	-168.0	127.0	11.0	
datetime.datetime(2014, 10, 28, 11, 59, 21, 362000)	40.5846592	-75.356512	<MissionPlanner.Utilities.PointLatLngAlt object at 0x000000000000002B [40.608336,-75.3806976,91]>	7.86	145.0	-48.0	145.0	120.0	-107.0	3.0	184.0	-168.0	127.0	11.0	
datetime.datetime(2014, 10, 28, 11, 59, 21, 471000)	40.5846592	-75.356512	<MissionPlanner.Utilities.PointLatLngAlt object at 0x000000000000002B [40.608336,-75.3806976,91]>	7.86	145.0	-48.0	145.0	120.0	-107.0	3.0	184.0	-168.0	127.0	11.0	
datetime.datetime(2014, 10, 28, 11, 59, 21, 580000)	40.5846592	-75.356512	<MissionPlanner.Utilities.PointLatLngAlt object at 0x000000000000002B [40.608336,-75.3806976,91]>	7.86	145.0	-48.0	145.0	120.0	-107.0	3.0	184.0	-168.0	127.0	11.0	
datetime.datetime(2014, 10, 28, 11, 59, 21, 690000)	40.5846592	-75.356512	<MissionPlanner.Utilities.PointLatLngAlt object at 0x000000000000002B [40.608336,-75.3806976,91]>	7.86	145.0	-48.0	145.0	120.0	-107.0	3.0	184.0	-168.0	127.0	11.0	
datetime.datetime(2014, 10, 28, 11, 59, 21, 799000)	40.5846592	-75.356512	<MissionPlanner.Utilities.PointLatLngAlt object at 0x000000000000002B [40.608336,-75.3806976,91]>	7.86	145.0	-48.0	145.0	120.0	-107.0	3.0	184.0	-168.0	127.0	11.0	
datetime.datetime(2014, 10, 28, 11, 59, 21, 908000)	40.5846592	-75.356512	<MissionPlanner.Utilities.PointLatLngAlt object at 0x000000000000002B [40.608336,-75.3806976,91]>	7.86	145.0	-48.0	145.0	120.0	-107.0	3.0	184.0	-168.0	127.0	11.0	
datetime.datetime(2014, 10, 28, 11, 59, 22, 17000)	40.5846592	-75.356512	<MissionPlanner.Utilities.PointLatLngAlt object at 0x000000000000002B [40.608336,-75.3806976,91]>	7.86	145.0	-48.0	145.0	120.0	-107.0	3.0	184.0	-168.0	127.0	11.0	
datetime.datetime(2014, 10, 28, 11, 59, 22, 126000)	40.5846592	-75.356512	<MissionPlanner.Utilities.PointLatLngAlt object at 0x000000000000002B [40.608336,-75.3806976,91]>	7.86	145.0	-48.0	145.0	120.0	-107.0	3.0	184.0	-168.0	127.0	11.0	
datetime.datetime(2014, 10, 28, 11, 59, 22, 236000)	40.5846592	-75.356512	<MissionPlanner.Utilities.PointLatLngAlt object at 0x000000000000002B [40.608336,-75.3806976,91]>	7.86	145.0	-48.0	145.0	120.0	-107.0	3.0	184.0	-168.0	127.0	11.0	
datetime.datetime(2014, 10, 28, 11, 59, 22, 345000)	40.5846592	-75.356512	<MissionPlanner.Utilities.PointLatLngAlt object at 0x000000000000002B [40.608336,-75.3806976,91]>	7.86	145.0	-48.0	145.0	120.0	-107.0	3.0	184.0	-168.0	127.0	11.0	
datetime.datetime(2014, 10, 28, 11, 59, 22, 454000)	40.5846592	-75.356512	<MissionPlanner.Utilities.PointLatLngAlt object at 0x000000000000002B [40.608336,-75.3806976,91]>	7.86	145.0	-48.0	145.0	120.0	-107.0	3.0	184.0	-168.0	127.0	11.0	
datetime.datetime(2014, 10, 28, 11, 59, 22, 563000)	40.584656	-75.3566784	<MissionPlanner.Utilities.PointLatLngAlt object at 0x000000000000002B [40.608336,-75.3806976,91]>	8.04	145.0	-48.0	145.0	120.0	-107.0	3.0	184.0	-168.0	127.0	11.0	
datetime.datetime(2014, 10, 28, 11, 59, 22, 672000)	40.584656	-75.3566784	<MissionPlanner.Utilities.PointLatLngAlt object at 0x000000000000002B [40.608336,-75.3806976,91]>	8.04	145.0	-48.0	145.0	120.0	-107.0	3.0	184.0	-168.0	127.0	11.0	
datetime.datetime(2014, 10, 28, 11, 59, 22, 782000)	40.584656	-75.3566784	<MissionPlanner.Utilities.PointLatLngAlt object at 0x000000000000002B [40.608336,-75.3806976,91]>	8.04	145.0	-48.0	145.0	120.0	-107.0	3.0	184.0	-168.0	127.0	11.0	
datetime.datetime(2014, 10, 28, 11, 59, 22, 891000)	40.584656	-75.3566784	<MissionPlanner.Utilities.PointLatLngAlt object at 0x000000000000002B [40.608336,-75.3806976,91]>	8.04	145.0	-48.0	145.0	120.0	-107.0	3.0	184.0	-168.0	127.0	11.0	
datetime.datetime(2014, 10, 28, 11, 59, 23)	40.5846496	-75.3567168	<MissionPlanner.Utilities.PointLatLngAlt object at 0x000000000000002B [40.608336,-75.3806976,91]>	7.92	145.0	-48.0	145.0	120.0	-107.0	3.0	184.0	-168.0	127.0	11.0	
datetime.datetime(2014, 10, 28, 11, 59, 23, 109000)	40.5846496	-75.3567168	<MissionPlanner.Utilities.PointLatLngAlt object at 0x000000000000002B [40.608336,-75.3806976,91]>	7.92	145.0	-48.0	145.0	120.0	-107.0	3.0	184.0	-168.0	127.0	11.0	
datetime.datetime(2014, 10, 28, 11, 59, 23, 218000)	40.5846496	-75.3567168	<MissionPlanner.Utilities.PointLatLngAlt object at 0x000000000000002B [40.608336,-75.3806976,91]>	7.8	145.0	-48.0	145.0	120.0	-107.0	3.0	184.0	-168.0	127.0	11.0	
datetime.datetime(2014, 10, 28, 11, 59, 23, 328000)	40.5846432	-75.3567296	<MissionPlanner.Utilities.PointLatLngAlt object at 0x000000000000002B [40.608336,-75.3806976,91]>	7.8	145.0	-48.0	145.0	120.0	-107.0	3.0	184.0	-168.0	127.0	11.0	
datetime.datetime(2014, 10, 28, 11, 59, 23, 437000)	40.5846432	-75.3567296	<MissionPlanner.Utilities.PointLatLngAlt object at 0x000000000000002B [40.608336,-75.3806976,91]>	7.8	145.0	-48.0	145.0	120.0	-107.0	3.0	184.0	-168.0	127.0	11.0	
datetime.datetime(2014, 10, 28, 11, 59, 23, 546000)	40.5846432	-75.3567296	<MissionPlanner.Utilities.PointLatLngAlt object at 0x000000000000002B [40.608336,-75.3806976,91]>	7.8	145.0	-48.0	145.0	120.0	-107.0	3.0	184.0	-168.0	127.0	11.0	
datetime.datetime(2014, 10, 28, 11, 59, 23, 655000)	40.5846432	-75.3567296	<MissionPlanner.Utilities.PointLatLngAlt object at 0x000000000000002B [40.608336,-75.3806976,91]>	7.8	145.0	-48.0	145.0	120.0	-107.0	3.0	184.0	-168.0	127.0	11.0	
datetime.datetime(2014, 10, 28, 11, 59, 23, 764000)	40.5846432	-75.3567296	<MissionPlanner.Utilities.PointLatLngAlt object at 0x000000000000002B [40.608336,-75.3806976,91]>	7.8	145.0	-48.0	145.0	120.0	-107.0	3.0	184.0	-168.0	127.0	11.0	
datetime.datetime(2014, 10, 28, 11, 59, 23, 874000)	40.5846432	-75.3567296	<MissionPlanner.Utilities.PointLatLngAlt object at 0x000000000000002B [40.608336,-75.3806976,91]>	7.8	145.0	-48.0	145.0	120.0	-107.0	3.0	184.0	-168.0	127.0	11.0	
datetime.datetime(2014, 10, 28, 11, 59, 23, 983000)	40.5846432	-75.3567296	<MissionPlanner.Utilities.PointLatLngAlt object at 0x000000000000002B [40.608336,-75.3806976,91]>	7.54	51.0	-598.0	51.0	-36.0	36.0	-638.0	-93.0	38.0	118.0	11.0	
datetime.datetime(2014, 10, 28, 11, 59, 24, 92000)	40.5846432	-75.3567296	<MissionPlanner.Utilities.PointLatLngAlt object at 0x000000000000002B [40.608336,-75.3806976,91]>	7.54	51.0	-598.0	51.0	-36.0	36.0	-638.0	-93.0	38.0	118.0	11.0	
datetime.datetime(2014, 10, 28, 11, 59, 24, 201000)	40.5846432	-75.3567296	<MissionPlanner.Utilities.PointLatLngAlt object at 0x000000000000002B [40.608336,-75.3806976,91]>	7.39	51.0	-598.0	51.0	-36.0	36.0	-638.0	-93.0	38.0	118.0	11.0	
datetime.datetime(2014, 10, 28, 11, 59, 24, 310000)	40.5846432	-75.3567296	<MissionPlanner.Utilities.PointLatLngAlt object at 0x000000000000002B [40.608336,-75.3806976,91]>	7.39	51.0	-598.0	51.0	-36.0	36.0	-638.0	-93.0	38.0	118.0	11.0	
datetime.datetime(2014, 10, 28, 11, 59, 24, 420000)	40.5845536	-75.3568128	<MissionPlanner.Utilities.PointLatLngAlt object at 0x000000000000002B [40.608336,-75.3806976,91]>	7.73	51.0	-598.0	51.0	-36.0	36.0	-638.0	-93.0	38.0	118.0	11.0	
datetime.datetime(2014, 10, 28, 11, 59, 24, 529000)	40.5845536	-75.3568128	<MissionPlanner.Utilities.PointLatLngAlt object at 0x000000000000002B [40.608336,-75.3806976,91]>	7.73	51.0	-598.0	51.0	-36.0	36.0	-638.0	-93.0	38.0	118.0	11.0	
datetime.datetime(2014, 10, 28, 11, 59, 24, 638000)	40.5845536	-75.3568128	<MissionPlanner.Utilities.PointLatLngAlt object at 0x000000000000002B [40.608336,-75.3806976,91]>	7.73	51.0	-598.0	51.0	-36.0	36.0	-638.0	-93.0	38.0	118.0	11.0	
datetime.datetime(2014, 10, 28, 11, 59, 24, 747000)	40.5845536	-75.3568128	<MissionPlanner.Utilities.PointLatLngAlt object at 0x000000000000002B [40.608336,-75.3806976,91]>	7.73	51.0	-598.0	51.0	-36.0	36.0	-638.0	-93.0	38.0	118.0	11.0	
datetime.datetime(2014, 10, 28, 11, 59, 24, 856000)	40.5845536	-75.3568128	<MissionPlanner.Utilities.PointLatLngAlt object at 0x000000000000002B [40.608336,-75.3806976,91]>	7.73	51.0	-598.0	51.0	-36.0	36.0	-638.0	-93.0	38.0	118.0	11.0	
datetime.datetime(2014, 10, 28, 11, 59, 24, 966000)	40.5845536	-75.3568128	<MissionPlanner.Utilities.PointLatLngAlt object at 0x000000000000002B [40.608336,-75.3806976,91]>	7.73	51.0	-598.0	51.0	-36.0	36.0	-638.0	-93.0	38.0	118.0	11.0	
datetime.datetime(2014, 10, 28, 11, 59, 25, 75000)	40.5845536	-75.3568128	<MissionPlanner.Utilities.PointLatLngAlt object at 0x000000000000002B [40.608336,-75.3806976,91]>	7.73	51.0	-598.0	51.0	-36.0	36.0	-638.0	-93.0	38.0	118.0	11.0	
datetime.datetime(2014, 10, 28, 11, 59, 25, 184000)	40.5845408	-75.3568128	<MissionPlanner.Utilities.PointLatLngAlt object at 0x000000000000002B [40.608336,-75.3806976,91]>	7.73	51.0	-598.0	51.0	-36.0	36.0	-638.0	-93.0	38.0	118.0	11.0	
datetime.datetime(2014, 10, 28, 11, 59, 25, 293000)	40.5845408	-75.3568128	<MissionPlanner.Utilities.PointLatLngAlt object at 0x000000000000002B [40.608336,-75.3806976,91]>	7.73	51.0	-598.0	51.0	-36.0	36.0	-638.0	-93.0	38.0	118.0	11.0	
datetime.datetime(2014, 10, 28, 11, 59, 25, 402000)	40.5845408	-75.3568128	<MissionPlanner.Utilities.PointLatLngAlt object at 0x000000000000002B [40.608336,-75.3806976,91]>	7.73	51.0	-598.0	51.0	-36.0	36.0	-638.0	-93.0	38.0	118.0	11.0	
datetime.datetime(2014, 10, 28, 11, 59, 25, 512000)	40.5845408	-75.3568128	<MissionPlanner.Utilities.PointLatLngAlt object at 0x000000000000002B [40.608336,-75.3806976,91]>	7.26	51.0	-598.0	51.0	-36.0	36.0	-638.0	-93.0	38.0	118.0	11.0	
datetime.datetime(2014, 10, 28, 11, 59, 25, 621000)	40.5845408	-75.3568128	<MissionPlanner.Utilities.PointLatLngAlt object at 0x000000000000002B [40.608336,-75.3806976,91]>	7.26	51.0	-598.0	51.0	-36.0	36.0	-638.0	-93.0	38.0	118.0	11.0	
datetime.datetime(2014, 10, 28, 11, 59, 25, 730000)	40.5845408	-75.3568128	<MissionPlanner.Utilities.PointLatLngAlt object at 0x000000000000002B [40.608336,-75.3806976,91]>	7.26	51.0	-598.0	51.0	-36.0	36.0	-638.0	-93.0	38.0	118.0	11.0	
datetime.datetime(2014, 10, 28, 11, 59, 25, 839000)	40.5845408	-75.3568128	<MissionPlanner.Utilities.PointLatLngAlt object at 0x000000000000002B [40.608336,-75.3806976,91]>	7.26	51.0	-598.0	51.0	-36.0	36.0	-638.0	-93.0	38.0	118.0	11.0	
datetime.datetime(2014, 10, 28, 11, 59, 25, 948000)	40.5845408	-75.3568128	<MissionPlanner.Utilities.PointLatLngAlt object at 0x000000000000002B [40.608336,-75.3806976,91]>	7.26	51.0	-598.0	51.0	-36.0	36.0	-638.0	-93.0	38.0	118.0	11.0	
datetime.datetime(2014, 10, 28, 11, 59, 26, 58000)	40.5845408	-75.3568128	<MissionPlanner.Utilities.PointLatLngAlt object at 0x000000000000002B [40.608336,-75.3806976,91]>	7.17	51.0	-598.0	51.0	-36.0	36.0	-638.0	-93.0	38.0	118.0	11.0	
datetime.datetime(2014, 10, 28, 11, 59, 26, 167000)	40.5845408	-75.3568128	<MissionPlanner.Utilities.PointLatLngAlt object at 0x000000000000002B [40.608336,-75.3806976,91]>	7.17	51.0	-598.0	51.0	-36.0	36.0	-638.0	-93.0	38.0	118.0	11.0	
datetime.datetime(2014, 10, 28, 11, 59, 26, 276000)	40.5845408	-75.3568128	<MissionPlanner.Utilities.PointLatLngAlt object at 0x000000000000002B [40.608336,-75.3806976,91]>	7.17	51.0	-598.0	51.0	-36.0	36.0	-638.0	-93.0	38.0	118.0	11.0	
datetime.datetime(2014, 10, 28, 11, 59, 26, 385000)	40.5845408	-75.3568128	<MissionPlanner.Utilities.PointLatLngAlt object at 0x000000000000002B [40.608336,-75.3806976,91]>	7.17	51.0	-598.0	51.0	-36.0	36.0	-638.0	-93.0	38.0	118.0	11.0	
datetime.datetime(2014, 10, 28, 11, 59, 26, 494000)	40.5845408	-75.3568128	<MissionPlanner.Utilities.PointLatLngAlt object at 0x000000000000002B [40.608336,-75.3806976,91]>	7.17	51.0	-598.0	51.0	-36.0	36.0	-638.0	-93.0	38.0	118.0	11.0	
datetime.datetime(2014, 10, 28, 11, 59, 26, 604000)	40.5845408	-75.3568128	<MissionPlanner.Utilities.PointLatLngAlt object at 0x000000000000002B [40.608336,-75.3806976,91]>	7.17	51.0	-598.0	51.0	-36.0	36.0	-638.0	-93.0	38.0	118.0	11.0	
datetime.datetime(2014, 10, 28, 11, 59, 26, 713000)	40.5845408	-75.3568128	<MissionPlanner.Utilities.PointLatLngAlt object at 0x000000000000002B [40.608336,-75.3806976,91]>	7.17	56.0	-474.0	56.0	-166.0	-234.0	-533.0	-106.0	-153.0	131.0	11.0	
datetime.datetime(2014, 10, 28, 11, 59, 26, 822000)	40.5845408	-75.3568128	<MissionPlanner.Utilities.PointLatLngAlt object at 0x000000000000002B [40.608336,-75.3806976,91]>	7.17	56.0	-474.0	56.0	-166.0	-234.0	-533.0	-106.0	-153.0	131.0	11.0	
datetime.datetime(2014, 10, 28, 11, 59, 26, 931000)	40.5845408	-75.3568128	<MissionPlanner.Utilities.PointLatLngAlt object at 0x000000000000002B [40.608336,-75.3806976,91]>	7.17	56.0	-474.0	56.0	-166.0	-234.0	-533.0	-106.0	-153.0	131.0	11.0	
datetime.datetime(2014, 10, 28, 11, 59, 27, 40000)	40.5845408	-75.3568128	<MissionPlanner.Utilities.PointLatLngAlt object at 0x000000000000002B [40.608336,-75.3806976,91]>	7.17	56.0	-474.0	56.0	-166.0	-234.0	-533.0	-106.0	-153.0	131.0	11.0	
datetime.datetime(2014, 10, 28, 11, 59, 27, 150000)	40.5845408	-75.3568128	<MissionPlanner.Utilities.PointLatLngAlt object at 0x000000000000002B [40.608336,-75.3806976,91]>	7.17	56.0	-474.0	56.0	-166.0	-234.0	-533.0	-106.0	-153.0	131.0	11.0	
datetime.datetime(2014, 10, 28, 11, 59, 27, 259000)	40.5845408	-75.3568128	<MissionPlanner.Utilities.PointLatLngAlt object at 0x000000000000002B [40.608336,-75.3806976,91]>	7.17	56.0	-474.0	56.0	-166.0	-234.0	-533.0	-106.0	-153.0	131.0	11.0	
datetime.datetime(2014, 10, 28, 11, 59, 27, 368000)	40.5845408	-75.3568128	<MissionPlanner.Utilities.PointLatLngAlt object at 0x000000000000002B [40.608336,-75.3806976,91]>	7.17	56.0	-474.0	56.0	-166.0	-234.0	-533.0	-106.0	-153.0	131.0	11.0	
datetime.datetime(2014, 10, 28, 11, 59, 27, 477000)	40.5845408	-75.3568128	<MissionPlanner.Utilities.PointLatLngAlt object at 0x000000000000002B [40.608336,-75.3806976,91]>	7.17	56.0	-474.0	56.0	-166.0	-234.0	-533.0	-106.0	-153.0	131.0	11.0	
datetime.datetime(2014, 10, 28, 11, 59, 27, 586000)	40.5845408	-75.3568128	<MissionPlanner.Utilities.PointLatLngAlt object at 0x000000000000002B [40.608336,-75.3806976,91]>	7.22	56.0	-474.0	56.0	-166.0	-234.0	-533.0	-106.0	-153.0	131.0	11.0	
datetime.datetime(2014, 10, 28, 11, 59, 27, 696000)	40.5845408	-75.3568128	<MissionPlanner.Utilities.PointLatLngAlt object at 0x000000000000002B [40.608336,-75.3806976,91]>	7.22	56.0	-474.0	56.0	-166.0	-234.0	-533.0	-106.0	-153.0	131.0	11.0	
datetime.datetime(2014, 10, 28, 11, 59, 27, 805000)	40.5845408	-75.3568128	<MissionPlanner.Utilities.PointLatLngAlt object at 0x000000000000002B [40.608336,-75.3806976,91]>	7.22	56.0	-474.0	56.0	-166.0	-234.0	-533.0	-106.0	-153.0	131.0	11.0	
datetime.datetime(2014, 10, 28, 11, 59, 27, 914000)	40.5845408	-75.3568128	<MissionPlanner.Utilities.PointLatLngAlt object at 0x000000000000002B [40.608336,-75.3806976,91]>	7.22	56.0	-474.0	56.0	-166.0	-234.0	-533.0	-106.0	-153.0	131.0	11.0	
datetime.datetime(2014, 10, 28, 11, 59, 28, 23000)	40.5845408	-75.3568128	<MissionPlanner.Utilities.PointLatLngAlt object at 0x000000000000002B [40.608336,-75.3806976,91]>	7.22	56.0	-474.0	56.0	-166.0	-234.0	-533.0	-106.0	-153.0	131.0	11.0	
datetime.datetime(2014, 10, 28, 11, 59, 28, 132000)	40.5845408	-75.3568128	<MissionPlanner.Utilities.PointLatLngAlt object at 0x000000000000002B [40.608336,-75.3806976,91]>	7.22	56.0	-474.0	56.0	-166.0	-234.0	-533.0	-106.0	-153.0	131.0	11.0	
datetime.datetime(2014, 10, 28, 11, 59, 28, 242000)	40.5845408	-75.3568128	<MissionPlanner.Utilities.PointLatLngAlt object at 0x000000000000002B [40.608336,-75.3806976,91]>	7.22	56.0	-474.0	56.0	-166.0	-234.0	-533.0	-106.0	-153.0	131.0	11.0	
datetime.datetime(2014, 10, 28, 11, 59, 28, 351000)	40.5845408	-75.3568128	<MissionPlanner.Utilities.PointLatLngAlt object at 0x000000000000002B [40.608336,-75.3806976,91]>	7.22	56.0	-474.0	56.0	-166.0	-234.0	-533.0	-106.0	-153.0	131.0	11.0	
datetime.datetime(2014, 10, 28, 11, 59, 28, 460000)	40.5845408	-75.3568128	<MissionPlanner.Utilities.PointLatLngAlt object at 0x000000000000002B [40.608336,-75.3806976,91]>	7.22	56.0	-474.0	56.0	-166.0	-234.0	-533.0	-106.0	-153.0	131.0	11.0	
datetime.datetime(2014, 10, 28, 11, 59, 28, 569000)	40.5845408	-75.3568128	<MissionPlanner.Utilities.PointLatLngAlt object at 0x000000000000002B [40.608336,-75.3806976,91]>	7.22	56.0	-474.0	56.0	-166.0	-234.0	-533.0	-106.0	-153.0	131.0	11.0	
datetime.datetime(2014, 10, 28, 11, 59, 28, 678000)	40.5845408	-75.3568128	<MissionPlanner.Utilities.PointLatLngAlt object at 0x000000000000002B [40.608336,-75.3806976,91]>	7.22	56.0	-474.0	56.0	-166.0	-234.0	-533.0	-106.0	-153.0	131.0	11.0	
datetime.datetime(2014, 10, 28, 11, 59, 28, 788000)	40.5845408	-75.3568128	<MissionPlanner.Utilities.PointLatLngAlt object at 0x000000000000002B [40.608336,-75.3806976,91]>	7.22	56.0	-474.0	56.0	-166.0	-234.0	-533.0	-106.0	-153.0	131.0	11.0	
datetime.datetime(2014, 10, 28, 11, 59, 28, 897000)	40.5845408	-75.3568128	<MissionPlanner.Utilities.PointLatLngAlt object at 0x000000000000002B [40.608336,-75.3806976,91]>	7.22	56.0	-474.0	56.0	-166.0	-234.0	-533.0	-106.0	-153.0	131.0	11.0	
datetime.datetime(2014, 10, 28, 11, 59, 29, 6000)	40.5845408	-75.3568128	<MissionPlanner.Utilities.PointLatLngAlt object at 0x000000000000002B [40.608336,-75.3806976,91]>	7.22	56.0	-474.0	56.0	-166.0	-234.0	-533.0	-106.0	-153.0	131.0	11.0	
datetime.datetime(2014, 10, 28, 11, 59, 29, 115000)	40.5845408	-75.3568128	<MissionPlanner.Utilities.PointLatLngAlt object at 0x000000000000002B [40.608336,-75.3806976,91]>	7.22	56.0	-474.0	56.0	-166.0	-234.0	-533.0	-106.0	-153.0	131.0	11.0	
datetime.datetime(2014, 10, 28, 11, 59, 29, 224000)	40.5845408	-75.3568128	<MissionPlanner.Utilities.PointLatLngAlt object at 0x000000000000002B [40.608336,-75.3806976,91]>	7.22	56.0	-474.0	56.0	-166.0	-234.0	-533.0	-106.0	-153.0	131.0	11.0	
datetime.datetime(2014, 10, 28, 11, 59, 29, 334000)	40.5845408	-75.3568128	<MissionPlanner.Utilities.PointLatLngAlt object at 0x000000000000002B [40.608336,-75.3806976,91]>	7.22	56.0	-474.0	56.0	-166.0	-234.0	-533.0	-106.0	-153.0	131.0	11.0	
datetime.datetime(2014, 10, 28, 11, 59, 29, 443000)	40.5843744	-75.356544	<MissionPlanner.Utilities.PointLatLngAlt object at 0x000000000000002B [40.608336,-75.3806976,91]>	7.37	56.0	-474.0	56.0	-166.0	-234.0	-533.0	-106.0	-153.0	131.0	11.0	
datetime.datetime(2014, 10, 28, 11, 59, 29, 552000)	40.5843744	-75.356544	<MissionPlanner.Utilities.PointLatLngAlt object at 0x000000000000002B [40.608336,-75.3806976,91]>	7.37	56.0	-474.0	56.0	-166.0	-234.0	-533.0	-106.0	-153.0	131.0	11.0	
datetime.datetime(2014, 10, 28, 11, 59, 29, 661000)	40.5843744	-75.356544	<MissionPlanner.Utilities.PointLatLngAlt object at 0x000000000000002B [40.608336,-75.3806976,91]>	7.37	56.0	-474.0	56.0	-166.0	-234.0	-533.0	-106.0	-153.0	131.0	11.0	
datetime.datetime(2014, 10, 28, 11, 59, 29, 770000)	40.5843744	-75.356544	<MissionPlanner.Utilities.PointLatLngAlt object at 0x000000000000002B [40.608336,-75.3806976,91]>	7.33	56.0	-474.0	56.0	-166.0	-234.0	-533.0	-106.0	-153.0	131.0	11.0	
datetime.datetime(2014, 10, 28, 11, 59, 29, 880000)	40.5843744	-75.356544	<MissionPlanner.Utilities.PointLatLngAlt object at 0x000000000000002B [40.608336,-75.3806976,91]>	7.58	56.0	-474.0	56.0	-166.0	-234.0	-533.0	-106.0	-153.0	131.0	11.0	
datetime.datetime(2014, 10, 28, 11, 59, 29, 989000)	40.5843744	-75.356544	<MissionPlanner.Utilities.PointLatLngAlt object at 0x000000000000002B [40.608336,-75.3806976,91]>	7.58	56.0	-474.0	56.0	-166.0	-234.0	-533.0	-106.0	-153.0	131.0	11.0	
datetime.datetime(2014, 10, 28, 11, 59, 30, 98000)	40.5843744	-75.356544	<MissionPlanner.Utilities.PointLatLngAlt object at 0x000000000000002B [40.608336,-75.3806976,91]>	7.58	56.0	-474.0	56.0	-166.0	-234.0	-533.0	-106.0	-153.0	131.0	11.0	
datetime.datetime(2014, 10, 28, 11, 59, 30, 207000)	40.5843744	-75.356544	<MissionPlanner.Utilities.PointLatLngAlt object at 0x000000000000002B [40.608336,-75.3806976,91]>	7.58	56.0	-474.0	56.0	-166.0	-234.0	-533.0	-106.0	-153.0	131.0	11.0	
datetime.datetime(2014, 10, 28, 11, 59, 30, 316000)	40.5843744	-75.356544	<MissionPlanner.Utilities.PointLatLngAlt object at 0x000000000000002B [40.608336,-75.3806976,91]>	7.58	56.0	-474.0	56.0	-166.0	-234.0	-533.0	-106.0	-153.0	131.0	11.0	
datetime.datetime(2014, 10, 28, 11, 59, 30, 426000)	40.5843744	-75.356544	<MissionPlanner.Utilities.PointLatLngAlt object at 0x000000000000002B [40.608336,-75.3806976,91]>	7.58	56.0	-474.0	56.0	-166.0	-234.0	-533.0	-106.0	-153.0	131.0	11.0	
datetime.datetime(2014, 10, 28, 11, 59, 30, 535000)	40.5843744	-75.356544	<MissionPlanner.Utilities.PointLatLngAlt object at 0x000000000000002B [40.608336,-75.3806976,91]>	7.58	56.0	-474.0	56.0	-166.0	-234.0	-533.0	-106.0	-153.0	131.0	11.0	
datetime.datetime(2014, 10, 28, 11, 59, 30, 644000)	40.5843744	-75.356544	<MissionPlanner.Utilities.PointLatLngAlt object at 0x000000000000002B [40.608336,-75.3806976,91]>	7.58	56.0	-474.0	56.0	-166.0	-234.0	-533.0	-106.0	-153.0	131.0	11.0	
datetime.datetime(2014, 10, 28, 11, 59, 30, 753000)	40.5843744	-75.356544	<MissionPlanner.Utilities.PointLatLngAlt object at 0x000000000000002B [40.608336,-75.3806976,91]>	7.46	19.0	58.0	19.0	320.0	-81.0	157.0	-114.0	-173.0	125.0	11.0	
datetime.datetime(2014, 10, 28, 11, 59, 30, 862000)	40.5843744	-75.356544	<MissionPlanner.Utilities.PointLatLngAlt object at 0x000000000000002B [40.608336,-75.3806976,91]>	7.46	19.0	58.0	19.0	320.0	-81.0	157.0	-114.0	-173.0	125.0	11.0	
datetime.datetime(2014, 10, 28, 11, 59, 30, 972000)	40.5843744	-75.356544	<MissionPlanner.Utilities.PointLatLngAlt object at 0x000000000000002B [40.608336,-75.3806976,91]>	7.7	19.0	58.0	19.0	320.0	-81.0	157.0	-114.0	-173.0	125.0	11.0	
datetime.datetime(2014, 10, 28, 11, 59, 31, 81000)	40.5843744	-75.356544	<MissionPlanner.Utilities.PointLatLngAlt object at 0x000000000000002B [40.608336,-75.3806976,91]>	7.7	19.0	58.0	19.0	320.0	-81.0	157.0	-114.0	-173.0	125.0	11.0	
datetime.datetime(2014, 10, 28, 11, 59, 31, 190000)	40.5843744	-75.356544	<MissionPlanner.Utilities.PointLatLngAlt object at 0x000000000000002B [40.608336,-75.3806976,91]>	7.7	19.0	58.0	19.0	320.0	-81.0	157.0	-114.0	-173.0	125.0	11.0	
datetime.datetime(2014, 10, 28, 11, 59, 31, 299000)	40.5843744	-75.356544	<MissionPlanner.Utilities.PointLatLngAlt object at 0x000000000000002B [40.608336,-75.3806976,91]>	7.7	19.0	58.0	19.0	320.0	-81.0	157.0	-114.0	-173.0	125.0	11.0	
datetime.datetime(2014, 10, 28, 11, 59, 31, 408000)	40.5843744	-75.356544	<MissionPlanner.Utilities.PointLatLngAlt object at 0x000000000000002B [40.608336,-75.3806976,91]>	7.7	19.0	58.0	19.0	320.0	-81.0	157.0	-114.0	-173.0	125.0	11.0	
datetime.datetime(2014, 10, 28, 11, 59, 31, 518000)	40.5843744	-75.356544	<MissionPlanner.Utilities.PointLatLngAlt object at 0x000000000000002B [40.608336,-75.3806976,91]>	7.7	19.0	58.0	19.0	320.0	-81.0	157.0	-114.0	-173.0	125.0	11.0	
datetime.datetime(2014, 10, 28, 11, 59, 31, 627000)	40.5843744	-75.356544	<MissionPlanner.Utilities.PointLatLngAlt object at 0x000000000000002B [40.608336,-75.3806976,91]>	7.7	19.0	58.0	19.0	320.0	-81.0	157.0	-114.0	-173.0	125.0	11.0	
datetime.datetime(2014, 10, 28, 11, 59, 31, 736000)	40.5843744	-75.356544	<MissionPlanner.Utilities.PointLatLngAlt object at 0x000000000000002B [40.608336,-75.3806976,91]>	7.28	19.0	58.0	19.0	320.0	-81.0	157.0	-114.0	-173.0	125.0	11.0	
datetime.datetime(2014, 10, 28, 11, 59, 31, 845000)	40.5842464	-75.356416	<MissionPlanner.Utilities.PointLatLngAlt object at 0x000000000000002B [40.608336,-75.3806976,91]>	7.28	-13.0	44.0	-13.0	-8.0	-273.0	60.0	-124.0	-165.0	125.0	11.0	
datetime.datetime(2014, 10, 28, 11, 59, 31, 954000)	40.5842464	-75.356416	<MissionPlanner.Utilities.PointLatLngAlt object at 0x000000000000002B [40.608336,-75.3806976,91]>	7.28	-13.0	44.0	-13.0	-8.0	-273.0	60.0	-124.0	-165.0	125.0	11.0	
datetime.datetime(2014, 10, 28, 11, 59, 32, 64000)	40.5842464	-75.356416	<MissionPlanner.Utilities.PointLatLngAlt object at 0x000000000000002B [40.608336,-75.3806976,91]>	7.28	-13.0	44.0	-13.0	-8.0	-273.0	60.0	-124.0	-165.0	125.0	11.0	
datetime.datetime(2014, 10, 28, 11, 59, 32, 173000)	40.5842464	-75.356416	<MissionPlanner.Utilities.PointLatLngAlt object at 0x000000000000002B [40.608336,-75.3806976,91]>	7.28	-13.0	44.0	-13.0	-8.0	-273.0	60.0	-124.0	-165.0	125.0	11.0	
datetime.datetime(2014, 10, 28, 11, 59, 32, 282000)	40.5842464	-75.356416	<MissionPlanner.Utilities.PointLatLngAlt object at 0x000000000000002B [40.608336,-75.3806976,91]>	7.28	-13.0	44.0	-13.0	-8.0	-273.0	60.0	-124.0	-165.0	125.0	11.0	
datetime.datetime(2014, 10, 28, 11, 59, 32, 391000)	40.5842272	-75.3563968	<MissionPlanner.Utilities.PointLatLngAlt object at 0x000000000000002B [40.608336,-75.3806976,91]>	7.28	-13.0	44.0	-13.0	-8.0	-273.0	60.0	-124.0	-165.0	125.0	11.0	
datetime.datetime(2014, 10, 28, 11, 59, 32, 500000)	40.5842272	-75.3563968	<MissionPlanner.Utilities.PointLatLngAlt object at 0x000000000000002B [40.608336,-75.3806976,91]>	7.28	-13.0	44.0	-13.0	-8.0	-273.0	60.0	-124.0	-165.0	125.0	11.0	
datetime.datetime(2014, 10, 28, 11, 59, 32, 610000)	40.5842272	-75.3563968	<MissionPlanner.Utilities.PointLatLngAlt object at 0x000000000000002B [40.608336,-75.3806976,91]>	7.39	-13.0	44.0	-13.0	-8.0	-273.0	60.0	-124.0	-165.0	125.0	11.0	
datetime.datetime(2014, 10, 28, 11, 59, 32, 719000)	40.5842272	-75.3563968	<MissionPlanner.Utilities.PointLatLngAlt object at 0x000000000000002B [40.608336,-75.3806976,91]>	7.39	-13.0	44.0	-13.0	-8.0	-273.0	60.0	-124.0	-165.0	125.0	11.0	
datetime.datetime(2014, 10, 28, 11, 59, 32, 828000)	40.5842272	-75.3563968	<MissionPlanner.Utilities.PointLatLngAlt object at 0x000000000000002B [40.608336,-75.3806976,91]>	7.39	-13.0	44.0	-13.0	-8.0	-273.0	60.0	-124.0	-165.0	125.0	11.0	
datetime.datetime(2014, 10, 28, 11, 59, 32, 937000)	40.5842272	-75.3563968	<MissionPlanner.Utilities.PointLatLngAlt object at 0x000000000000002B [40.608336,-75.3806976,91]>	7.39	-13.0	44.0	-13.0	-8.0	-273.0	60.0	-124.0	-165.0	125.0	11.0	
datetime.datetime(2014, 10, 28, 11, 59, 33, 46000)	40.5842272	-75.3563968	<MissionPlanner.Utilities.PointLatLngAlt object at 0x000000000000002B [40.608336,-75.3806976,91]>	7.39	-13.0	44.0	-13.0	-8.0	-273.0	60.0	-124.0	-165.0	125.0	11.0	
datetime.datetime(2014, 10, 28, 11, 59, 33, 156000)	40.5842272	-75.3563968	<MissionPlanner.Utilities.PointLatLngAlt object at 0x000000000000002B [40.608336,-75.3806976,91]>	7.39	-13.0	44.0	-13.0	-8.0	-273.0	60.0	-124.0	-165.0	125.0	11.0	
datetime.datetime(2014, 10, 28, 11, 59, 33, 265000)	40.5842272	-75.3563968	<MissionPlanner.Utilities.PointLatLngAlt object at 0x000000000000002B [40.608336,-75.3806976,91]>	7.39	-13.0	44.0	-13.0	-8.0	-273.0	60.0	-124.0	-165.0	125.0	11.0	
datetime.datetime(2014, 10, 28, 11, 59, 33, 374000)	40.5842272	-75.3563968	<MissionPlanner.Utilities.PointLatLngAlt object at 0x000000000000002B [40.608336,-75.3806976,91]>	7.39	-13.0	44.0	-13.0	-8.0	-273.0	60.0	-124.0	-165.0	125.0	11.0	
datetime.datetime(2014, 10, 28, 11, 59, 33, 483000)	40.5842272	-75.3563968	<MissionPlanner.Utilities.PointLatLngAlt object at 0x000000000000002B [40.608336,-75.3806976,91]>	7.13	-13.0	44.0	-13.0	-8.0	-273.0	60.0	-124.0	-165.0	125.0	11.0	
datetime.datetime(2014, 10, 28, 11, 59, 33, 592000)	40.5842272	-75.3563968	<MissionPlanner.Utilities.PointLatLngAlt object at 0x000000000000002B [40.608336,-75.3806976,91]>	7.13	-13.0	44.0	-13.0	-8.0	-273.0	60.0	-124.0	-165.0	125.0	11.0	
datetime.datetime(2014, 10, 28, 11, 59, 33, 702000)	40.5842272	-75.3563968	<MissionPlanner.Utilities.PointLatLngAlt object at 0x000000000000002B [40.608336,-75.3806976,91]>	7.13	-13.0	44.0	-13.0	-8.0	-273.0	60.0	-124.0	-165.0	125.0	11.0	
datetime.datetime(2014, 10, 28, 11, 59, 33, 811000)	40.5842272	-75.3563968	<MissionPlanner.Utilities.PointLatLngAlt object at 0x000000000000002B [40.608336,-75.3806976,91]>	7.13	-13.0	44.0	-13.0	-8.0	-273.0	60.0	-124.0	-165.0	125.0	11.0	
datetime.datetime(2014, 10, 28, 11, 59, 33, 920000)	40.5842272	-75.3563968	<MissionPlanner.Utilities.PointLatLngAlt object at 0x000000000000002B [40.608336,-75.3806976,91]>	6.96	1.0	757.0	1.0	-203.0	118.0	932.0	-99.0	-47.0	138.0	11.0	
datetime.datetime(2014, 10, 28, 11, 59, 34, 29000)	40.5842272	-75.3563968	<MissionPlanner.Utilities.PointLatLngAlt object at 0x000000000000002B [40.608336,-75.3806976,91]>	6.96	1.0	757.0	1.0	-203.0	118.0	932.0	-99.0	-47.0	138.0	11.0	
datetime.datetime(2014, 10, 28, 11, 59, 34, 138000)	40.5841184	-75.3563904	<MissionPlanner.Utilities.PointLatLngAlt object at 0x000000000000002B [40.608336,-75.3806976,91]>	6.98	1.0	757.0	1.0	-203.0	118.0	932.0	-99.0	-47.0	138.0	11.0	
datetime.datetime(2014, 10, 28, 11, 59, 34, 248000)	40.5841184	-75.3563904	<MissionPlanner.Utilities.PointLatLngAlt object at 0x000000000000002B [40.608336,-75.3806976,91]>	6.98	1.0	757.0	1.0	-203.0	118.0	932.0	-99.0	-47.0	138.0	11.0	
datetime.datetime(2014, 10, 28, 11, 59, 34, 357000)	40.5841184	-75.3563904	<MissionPlanner.Utilities.PointLatLngAlt object at 0x000000000000002B [40.608336,-75.3806976,91]>	6.96	-13.0	662.0	-13.0	196.0	-259.0	810.0	-53.0	-11.0	143.0	11.0	
datetime.datetime(2014, 10, 28, 11, 59, 34, 466000)	40.5841024	-75.356416	<MissionPlanner.Utilities.PointLatLngAlt object at 0x000000000000002B [40.608336,-75.3806976,91]>	6.71	-13.0	662.0	-13.0	196.0	-259.0	810.0	-53.0	-11.0	143.0	11.0	
datetime.datetime(2014, 10, 28, 11, 59, 34, 575000)	40.5841024	-75.356416	<MissionPlanner.Utilities.PointLatLngAlt object at 0x000000000000002B [40.608336,-75.3806976,91]>	6.71	-13.0	662.0	-13.0	196.0	-259.0	810.0	-53.0	-11.0	143.0	11.0	
datetime.datetime(2014, 10, 28, 11, 59, 34, 684000)	40.5841024	-75.356416	<MissionPlanner.Utilities.PointLatLngAlt object at 0x000000000000002B [40.608336,-75.3806976,91]>	6.71	-13.0	662.0	-13.0	196.0	-259.0	810.0	-53.0	-11.0	143.0	11.0	
datetime.datetime(2014, 10, 28, 11, 59, 34, 794000)	40.5841024	-75.356416	<MissionPlanner.Utilities.PointLatLngAlt object at 0x000000000000002B [40.608336,-75.3806976,91]>	6.71	55.0	634.0	55.0	-96.0	-132.0	679.0	20.0	12.0	144.0	11.0	
datetime.datetime(2014, 10, 28, 11, 59, 34, 903000)	40.5841024	-75.356416	<MissionPlanner.Utilities.PointLatLngAlt object at 0x000000000000002B [40.608336,-75.3806976,91]>	6.71	55.0	634.0	55.0	-96.0	-132.0	679.0	20.0	12.0	144.0	11.0	
datetime.datetime(2014, 10, 28, 11, 59, 35, 12000)	40.5840928	-75.356448	<MissionPlanner.Utilities.PointLatLngAlt object at 0x000000000000002B [40.608336,-75.3806976,91]>	6.88	55.0	634.0	55.0	-96.0	-132.0	679.0	20.0	12.0	144.0	11.0	
datetime.datetime(2014, 10, 28, 11, 59, 35, 121000)	40.5840928	-75.35648	<MissionPlanner.Utilities.PointLatLngAlt object at 0x000000000000002B [40.608336,-75.3806976,91]>	6.88	18.0	311.0	18.0	177.0	-94.0	315.0	63.0	18.0	142.0	11.0	
datetime.datetime(2014, 10, 28, 11, 59, 35, 230000)	40.5840928	-75.35648	<MissionPlanner.Utilities.PointLatLngAlt object at 0x000000000000002B [40.608336,-75.3806976,91]>	6.88	18.0	311.0	18.0	177.0	-94.0	315.0	63.0	18.0	142.0	11.0	
datetime.datetime(2014, 10, 28, 11, 59, 35, 340000)	40.5840928	-75.35648	<MissionPlanner.Utilities.PointLatLngAlt object at 0x000000000000002B [40.608336,-75.3806976,91]>	6.97	18.0	311.0	18.0	177.0	-94.0	315.0	63.0	18.0	142.0	11.0	
datetime.datetime(2014, 10, 28, 11, 59, 35, 449000)	40.5840992	-75.3565184	<MissionPlanner.Utilities.PointLatLngAlt object at 0x000000000000002B [40.608336,-75.3806976,91]>	7.23	18.0	311.0	18.0	177.0	-94.0	315.0	63.0	18.0	142.0	11.0	
datetime.datetime(2014, 10, 28, 11, 59, 35, 558000)	40.5840992	-75.3565184	<MissionPlanner.Utilities.PointLatLngAlt object at 0x000000000000002B [40.608336,-75.3806976,91]>	7.23	132.0	206.0	132.0	46.0	-207.0	-4.0	83.0	25.0	137.0	11.0	
datetime.datetime(2014, 10, 28, 11, 59, 35, 667000)	40.5840992	-75.3565184	<MissionPlanner.Utilities.PointLatLngAlt object at 0x000000000000002B [40.608336,-75.3806976,91]>	7.23	132.0	206.0	132.0	46.0	-207.0	-4.0	83.0	25.0	137.0	11.0	
datetime.datetime(2014, 10, 28, 11, 59, 35, 776000)	40.5841056	-75.3565504	<MissionPlanner.Utilities.PointLatLngAlt object at 0x000000000000002B [40.608336,-75.3806976,91]>	7.01	132.0	206.0	132.0	46.0	-207.0	-4.0	83.0	25.0	137.0	11.0	
datetime.datetime(2014, 10, 28, 11, 59, 35, 886000)	40.5841056	-75.3565504	<MissionPlanner.Utilities.PointLatLngAlt object at 0x000000000000002B [40.608336,-75.3806976,91]>	7.3	132.0	206.0	132.0	46.0	-207.0	-4.0	83.0	25.0	137.0	11.0	
datetime.datetime(2014, 10, 28, 11, 59, 35, 995000)	40.5841056	-75.3565504	<MissionPlanner.Utilities.PointLatLngAlt object at 0x000000000000002B [40.608336,-75.3806976,91]>	7.3	132.0	206.0	132.0	46.0	-207.0	-4.0	83.0	25.0	137.0	11.0	
datetime.datetime(2014, 10, 28, 11, 59, 36, 104000)	40.5841056	-75.3565504	<MissionPlanner.Utilities.PointLatLngAlt object at 0x000000000000002B [40.608336,-75.3806976,91]>	7.3	132.0	206.0	132.0	46.0	-207.0	-4.0	83.0	25.0	137.0	11.0	
datetime.datetime(2014, 10, 28, 11, 59, 36, 213000)	40.584112	-75.3565824	<MissionPlanner.Utilities.PointLatLngAlt object at 0x000000000000002B [40.608336,-75.3806976,91]>	7.3	132.0	206.0	132.0	46.0	-207.0	-4.0	83.0	25.0	137.0	11.0	
datetime.datetime(2014, 10, 28, 11, 59, 36, 322000)	40.5841152	-75.3565952	<MissionPlanner.Utilities.PointLatLngAlt object at 0x000000000000002B [40.608336,-75.3806976,91]>	7.26	132.0	206.0	132.0	46.0	-207.0	-4.0	83.0	25.0	137.0	11.0	
datetime.datetime(2014, 10, 28, 11, 59, 36, 432000)	40.5841152	-75.3565952	<MissionPlanner.Utilities.PointLatLngAlt object at 0x000000000000002B [40.608336,-75.3806976,91]>	7.26	132.0	206.0	132.0	46.0	-207.0	-4.0	83.0	25.0	137.0	11.0	
datetime.datetime(2014, 10, 28, 11, 59, 36, 541000)	40.5841152	-75.3565952	<MissionPlanner.Utilities.PointLatLngAlt object at 0x000000000000002B [40.608336,-75.3806976,91]>	7.26	132.0	206.0	132.0	46.0	-207.0	-4.0	83.0	25.0	137.0	11.0	
datetime.datetime(2014, 10, 28, 11, 59, 36, 650000)	40.5841152	-75.3565952	<MissionPlanner.Utilities.PointLatLngAlt object at 0x000000000000002B [40.608336,-75.3806976,91]>	7.26	132.0	206.0	132.0	46.0	-207.0	-4.0	83.0	25.0	137.0	11.0	
datetime.datetime(2014, 10, 28, 11, 59, 36, 759000)	40.5841152	-75.3565952	<MissionPlanner.Utilities.PointLatLngAlt object at 0x000000000000002B [40.608336,-75.3806976,91]>	7.26	132.0	206.0	132.0	46.0	-207.0	-4.0	83.0	25.0	137.0	11.0	
datetime.datetime(2014, 10, 28, 11, 59, 36, 868000)	40.5841152	-75.3565952	<MissionPlanner.Utilities.PointLatLngAlt object at 0x000000000000002B [40.608336,-75.3806976,91]>	7.26	66.0	138.0	66.0	-236.0	-75.0	161.0	83.0	43.0	132.0	11.0	
datetime.datetime(2014, 10, 28, 11, 59, 36, 978000)	40.5841152	-75.3565952	<MissionPlanner.Utilities.PointLatLngAlt object at 0x000000000000002B [40.608336,-75.3806976,91]>	7.27	66.0	138.0	66.0	-236.0	-75.0	161.0	83.0	43.0	132.0	11.0	
datetime.datetime(2014, 10, 28, 11, 59, 37, 87000)	40.5841152	-75.3565952	<MissionPlanner.Utilities.PointLatLngAlt object at 0x000000000000002B [40.608336,-75.3806976,91]>	7.27	66.0	138.0	66.0	-236.0	-75.0	161.0	83.0	43.0	132.0	11.0	
datetime.datetime(2014, 10, 28, 11, 59, 37, 196000)	40.5841248	-75.3566272	<MissionPlanner.Utilities.PointLatLngAlt object at 0x000000000000002B [40.608336,-75.3806976,91]>	7.09	66.0	138.0	66.0	-236.0	-75.0	161.0	83.0	43.0	132.0	11.0	
datetime.datetime(2014, 10, 28, 11, 59, 37, 305000)	40.5841248	-75.3566272	<MissionPlanner.Utilities.PointLatLngAlt object at 0x000000000000002B [40.608336,-75.3806976,91]>	7.09	-10.0	266.0	-10.0	-173.0	-49.0	295.0	101.0	21.0	135.0	11.0	
datetime.datetime(2014, 10, 28, 11, 59, 37, 414000)	40.5841248	-75.3566272	<MissionPlanner.Utilities.PointLatLngAlt object at 0x000000000000002B [40.608336,-75.3806976,91]>	7.09	-10.0	266.0	-10.0	-173.0	-49.0	295.0	101.0	21.0	135.0	11.0	
datetime.datetime(2014, 10, 28, 11, 59, 37, 524000)	40.5841248	-75.3566272	<MissionPlanner.Utilities.PointLatLngAlt object at 0x000000000000002B [40.608336,-75.3806976,91]>	7.09	-10.0	266.0	-10.0	-173.0	-49.0	295.0	101.0	21.0	135.0	11.0	
datetime.datetime(2014, 10, 28, 11, 59, 37, 633000)	40.5841248	-75.3566272	<MissionPlanner.Utilities.PointLatLngAlt object at 0x000000000000002B [40.608336,-75.3806976,91]>	7.09	-10.0	266.0	-10.0	-173.0	-49.0	295.0	101.0	21.0	135.0	11.0	
datetime.datetime(2014, 10, 28, 11, 59, 37, 742000)	40.5841248	-75.3566272	<MissionPlanner.Utilities.PointLatLngAlt object at 0x000000000000002B [40.608336,-75.3806976,91]>	7.46	-10.0	266.0	-10.0	-173.0	-49.0	295.0	101.0	21.0	135.0	11.0	
datetime.datetime(2014, 10, 28, 11, 59, 37, 851000)	40.5841248	-75.3566272	<MissionPlanner.Utilities.PointLatLngAlt object at 0x000000000000002B [40.608336,-75.3806976,91]>	7.46	-165.0	518.0	-165.0	-26.0	41.0	492.0	110.0	11.0	138.0	11.0	
datetime.datetime(2014, 10, 28, 11, 59, 37, 960000)	40.5841248	-75.3566272	<MissionPlanner.Utilities.PointLatLngAlt object at 0x000000000000002B [40.608336,-75.3806976,91]>	7.35	-165.0	518.0	-165.0	-26.0	41.0	492.0	110.0	11.0	138.0	11.0	
datetime.datetime(2014, 10, 28, 11, 59, 38, 70000)	40.5841248	-75.3566272	<MissionPlanner.Utilities.PointLatLngAlt object at 0x000000000000002B [40.608336,-75.3806976,91]>	7.35	-165.0	518.0	-165.0	-26.0	41.0	492.0	110.0	11.0	138.0	11.0	
datetime.datetime(2014, 10, 28, 11, 59, 38, 179000)	40.5841504	-75.3567104	<MissionPlanner.Utilities.PointLatLngAlt object at 0x000000000000002B [40.608336,-75.3806976,91]>	6.69	-165.0	518.0	-165.0	-26.0	41.0	492.0	110.0	11.0	138.0	11.0	
datetime.datetime(2014, 10, 28, 11, 59, 38, 288000)	40.5841504	-75.3567104	<MissionPlanner.Utilities.PointLatLngAlt object at 0x000000000000002B [40.608336,-75.3806976,91]>	6.69	-140.0	435.0	-140.0	-18.0	-16.0	528.0	125.0	-16.0	139.0	11.0	
datetime.datetime(2014, 10, 28, 11, 59, 38, 397000)	40.5841504	-75.3567104	<MissionPlanner.Utilities.PointLatLngAlt object at 0x000000000000002B [40.608336,-75.3806976,91]>	6.55	-140.0	435.0	-140.0	-18.0	-16.0	528.0	125.0	-16.0	139.0	11.0	
datetime.datetime(2014, 10, 28, 11, 59, 38, 506000)	40.5841824	-75.3567488	<MissionPlanner.Utilities.PointLatLngAlt object at 0x000000000000002B [40.608336,-75.3806976,91]>	6.24	-140.0	435.0	-140.0	-18.0	-16.0	528.0	125.0	-16.0	139.0	11.0	
datetime.datetime(2014, 10, 28, 11, 59, 38, 616000)	40.5841824	-75.3567488	<MissionPlanner.Utilities.PointLatLngAlt object at 0x000000000000002B [40.608336,-75.3806976,91]>	6.24	-140.0	435.0	-140.0	-18.0	-16.0	528.0	125.0	-16.0	139.0	11.0	
datetime.datetime(2014, 10, 28, 11, 59, 38, 725000)	40.5841824	-75.3567488	<MissionPlanner.Utilities.PointLatLngAlt object at 0x000000000000002B [40.608336,-75.3806976,91]>	6.24	-140.0	435.0	-140.0	-18.0	-16.0	528.0	125.0	-16.0	139.0	11.0	
datetime.datetime(2014, 10, 28, 11, 59, 38, 834000)	40.5841824	-75.3567488	<MissionPlanner.Utilities.PointLatLngAlt object at 0x000000000000002B [40.608336,-75.3806976,91]>	6.24	-140.0	435.0	-140.0	-18.0	-16.0	528.0	125.0	-16.0	139.0	11.0	
datetime.datetime(2014, 10, 28, 11, 59, 38, 943000)	40.5841824	-75.3567488	<MissionPlanner.Utilities.PointLatLngAlt object at 0x000000000000002B [40.608336,-75.3806976,91]>	6.24	-140.0	435.0	-140.0	-18.0	-16.0	528.0	125.0	-16.0	139.0	11.0	
datetime.datetime(2014, 10, 28, 11, 59, 39, 52000)	40.5841824	-75.3567488	<MissionPlanner.Utilities.PointLatLngAlt object at 0x000000000000002B [40.608336,-75.3806976,91]>	6.24	-140.0	435.0	-140.0	-18.0	-16.0	528.0	125.0	-16.0	139.0	11.0	
datetime.datetime(2014, 10, 28, 11, 59, 39, 162000)	40.5841824	-75.3567488	<MissionPlanner.Utilities.PointLatLngAlt object at 0x000000000000002B [40.608336,-75.3806976,91]>	6.24	-140.0	435.0	-140.0	-18.0	-16.0	528.0	125.0	-16.0	139.0	11.0	
datetime.datetime(2014, 10, 28, 11, 59, 39, 271000)	40.5841824	-75.3567488	<MissionPlanner.Utilities.PointLatLngAlt object at 0x000000000000002B [40.608336,-75.3806976,91]>	6.24	-140.0	435.0	-140.0	-18.0	-16.0	528.0	125.0	-16.0	139.0	11.0	
datetime.datetime(2014, 10, 28, 11, 59, 39, 380000)	40.5841824	-75.3567488	<MissionPlanner.Utilities.PointLatLngAlt object at 0x000000000000002B [40.608336,-75.3806976,91]>	6.24	-140.0	435.0	-140.0	-18.0	-16.0	528.0	125.0	-16.0	139.0	11.0	
datetime.datetime(2014, 10, 28, 11, 59, 39, 489000)	40.5841824	-75.3567488	<MissionPlanner.Utilities.PointLatLngAlt object at 0x000000000000002B [40.608336,-75.3806976,91]>	6.24	-140.0	435.0	-140.0	-18.0	-16.0	528.0	125.0	-16.0	139.0	11.0	
datetime.datetime(2014, 10, 28, 11, 59, 39, 598000)	40.5841824	-75.3567488	<MissionPlanner.Utilities.PointLatLngAlt object at 0x000000000000002B [40.608336,-75.3806976,91]>	6.24	-140.0	435.0	-140.0	-18.0	-16.0	528.0	125.0	-16.0	139.0	11.0	
datetime.datetime(2014, 10, 28, 11, 59, 39, 708000)	40.5841824	-75.3567488	<MissionPlanner.Utilities.PointLatLngAlt object at 0x0