-0.3,Voltage(V),Current(A),Throttle(%),Temperature(C),Motor RPM
0,41.30,7.28,10.80,27.86,3928.32
0.3,41.30,5.14,8.80,28.46,3649.45
0.6,41.30,5.14,8.80,28.46,3728.25
0.9,41.30,7.28,8.80,28.46,3760.59
1.2,41.30,5.14,9.20,28.46,3831.79
1.5,41.30,5.14,8.80,28.46,3789.50
1.8,41.30,5.14,8.80,28.46,3794.44
2.1,40.95,3.00,8.80,28.46,3775.23
2.4,40.95,3.00,9.20,28.46,3867.67
2.7,40.95,5.14,8.80,28.46,3771.97
3,40.95,3.00,9.20,28.46,3805.31
3.3,40.95,3.00,8.80,28.46,3705.87
3.6,41.30,3.00,8.80,28.46,3693.33
3.9,41.30,3.00,8.80,28.46,3700.71
4.2,40.95,5.14,6.00,28.46,3496.44
4.5,40.95,5.14,13.60,29.07,4547.63
4.8,40.95,7.28,12.40,29.07,4487.53
5.1,40.95,7.28,12.40,29.07,4471.77
5.4,40.95,5.14,12.40,29.07,4481.28
5.7,40.95,5.14,12.40,29.68,4548.98
6,40.95,7.28,12.40,29.68,4671.71
6.3,40.95,7.28,12.40,29.68,4718.60
6.6,40.95,5.14,12.40,29.68,4687.12
6.9,40.95,5.14,12.40,29.68,4944.56
7.2,40.95,7.28,12.40,29.68,4932.20
7.5,40.95,7.28,12.40,29.68,4970.70
7.8,40.95,7.28,12.40,29.68,4921.87
8.1,40.95,7.28,12.40,29.68,4864.29
8.4,40.95,7.28,12.40,29.68,4986.11
8.7,40.95,7.28,12.40,29.68,4873.60
9,40.95,7.28,12.40,29.07,6025.11
9.3,40.95,5.14,12.40,29.07,5851.49
9.6,40.95,7.28,12.40,29.07,4827.41
9.9,40.95,7.28,12.40,29.07,4867.00
10.2,40.95,5.14,12.40,28.46,4844.25
10.5,40.95,7.28,12.40,28.46,5102.65
10.8,40.95,9.42,12.40,28.46,4614.23
11.1,40.95,9.42,12.40,28.46,4466.55
11.4,40.95,5.14,12.40,28.46,4643.67
11.7,40.95,5.14,12.40,27.86,4736.88
12,40.95,7.28,12.40,27.86,4773.13
12.3,40.95,5.14,12.40,27.86,4800.12
12.6,40.95,3.00,12.40,27.86,4859.65
12.9,40.95,3.00,12.40,27.86,4918.70
13.2,40.95,3.00,12.40,27.86,4964.64
13.5,40.95,3.00,12.40,27.25,4980.42
13.8,40.95,5.14,12.40,27.25,5021.33
14.1,40.60,13.70,40.80,27.25,13147.92
14.4,40.60,26.54,47.60,27.25,15770.04
14.7,40.25,32.96,48.40,27.25,15193.81
15,39.90,32.96,47.20,27.25,14543.11
15.3,39.90,32.96,48.40,27.25,14321.63
15.6,39.55,35.10,48.40,27.25,14123.08
15.9,39.55,39.38,48.40,26.64,14074.30
16.2,39.55,37.24,45.60,26.64,13425.15
16.5,39.55,30.82,39.20,26.64,12433.83
16.8,39.55,26.54,39.20,26.64,12264.18
17.1,39.55,24.40,36.80,26.03,11945.42
17.4,39.55,22.26,35.20,26.03,11714.20
17.7,39.90,22.26,34.00,25.42,11338.29
18,39.90,11.56,12.40,25.42,6902.85
18.3,39.90,3.00,12.40,25.42,6463.43
18.6,40.25,5.14,12.40,25.42,6035.22
18.9,40.25,5.14,12.40,25.42,6461.38
19.2,40.60,5.14,12.40,25.42,6560.56
19.5,40.60,5.14,12.40,25.42,6492.27
19.8,40.60,5.14,12.40,25.42,6429.44
20.1,40.60,5.14,12.40,25.42,5847.02
20.4,40.60,5.14,12.40,25.42,4848.09
20.7,40.60,5.14,12.40,25.42,4737.61
21,40.60,7.28,12.40,25.42,4773.50
21.3,40.60,13.70,20.00,26.64,5792.71
21.6,40.60,13.70,20.80,27.25,6232.13
21.9,40.60,11.56,20.80,27.86,6552.82
22.2,40.60,13.70,20.80,28.46,8223.42
22.5,40.60,13.70,20.80,28.46,8607.90
22.8,40.60,13.70,20.80,29.07,8633.43
23.1,40.60,13.70,20.80,29.07,9011.45
23.4,40.60,11.56,20.80,29.07,8990.25
23.7,40.60,13.70,20.40,29.07,8868.93
24,40.60,13.70,20.40,29.07,8920.71
24.3,40.60,11.56,20.40,28.46,8902.52
24.6,40.60,22.26,50.40,28.46,16127.89
24.9,40.25,32.96,49.60,28.46,15553.36
25.2,40.25,39.38,51.60,28.46,15525.70
25.5,39.90,41.52,49.60,28.46,14832.49
25.8,39.55,39.38,47.20,28.46,14291.49
26.1,39.55,39.38,44.40,28.46,13708.16
26.4,39.55,35.10,45.60,27.86,13607.46
26.7,39.55,30.82,41.20,27.86,13159.25
27,39.55,30.82,41.20,27.86,13145.10
27.3,39.90,32.96,41.20,27.25,13256.28
27.6,39.90,32.96,41.20,27.25,13247.66
27.9,39.90,30.82,42.40,27.25,13529.15
28.2,39.55,30.82,42.40,27.25,13595.35
28.5,39.55,35.10,43.20,26.64,13797.90
28.8,39.55,37.24,47.60,26.64,14178.77
29.1,39.55,39.38,49.60,26.64,14481.09
29.4,39.55,39.38,44.40,26.64,13386.92
29.7,39.55,35.10,41.20,26.64,12597.83
30,39.55,32.96,36.80,26.64,11912.82
30.3,39.55,30.82,34.00,26.03,11515.58
30.6,39.55,26.54,36.00,26.03,11795.58
30.9,39.55,24.40,35.20,26.03,11570.07
31.2,39.90,26.54,35.20,26.03,11483.13
31.5,39.90,28.68,34.00,26.03,11391.11
31.8,39.90,26.54,34.00,26.03,11350.92
32.1,39.55,24.40,34.00,25.42,11393.23
32.4,39.55,24.40,34.00,25.42,11382.63
32.7,39.55,28.68,36.00,25.42,11806.97
33,39.55,26.54,35.20,26.03,11747.97
33.3,39.55,24.40,35.20,25.42,11660.57
33.6,39.55,26.54,35.20,25.42,11682.85
33.9,39.55,26.54,34.00,25.42,11461.60
34.2,39.55,24.40,35.20,25.42,11669.47
34.5,39.55,26.54,35.20,25.42,11743.46
34.8,39.55,26.54,35.20,25.42,11640.58
35.1,39.55,17.98,20.40,25.42,8601.84
35.4,39.90,7.28,6.00,25.42,3955.78
35.7,39.90,5.14,6.00,25.42,3718.05
36,40.25,5.14,6.00,25.42,3984.40
36.3,40.25,5.14,6.00,25.42,3079.33
36.6,40.25,5.14,6.00,24.82,2615.30
36.9,40.25,5.14,6.00,24.82,2673.52
37.2,40.60,5.14,6.00,24.82,2684.09
37.5,40.60,5.14,6.00,25.42,2720.76
37.8,40.60,7.28,13.60,26.03,4440.59
38.1,40.60,9.42,12.80,27.25,4562.23
38.4,40.60,9.42,12.80,28.46,4665.29
38.7,40.60,11.56,12.80,28.46,4697.92
39,40.60,9.42,12.80,28.46,4729.92
39.3,40.60,9.42,12.80,28.46,4753.83
39.6,40.60,9.42,12.80,28.46,4749.02
39.9,40.60,7.28,12.40,28.46,4710.96
40.2,40.60,7.28,12.80,29.07,4778.73
40.5,40.60,9.42,12.80,29.07,4788.84
40.8,40.60,11.56,12.80,29.07,4663.52
41.1,40.60,11.56,12.80,28.46,4592.04
41.4,40.60,11.56,12.80,29.07,4517.38
41.7,40.60,11.56,12.80,29.07,4755.31
42,40.60,11.56,12.40,29.07,4657.12
42.3,40.60,11.56,12.40,29.07,4661.38
42.6,40.60,9.42,12.40,29.07,4697.20
42.9,40.60,9.42,12.40,29.07,4785.84
43.2,40.60,11.56,12.40,29.07,4885.68
43.5,40.60,11.56,12.40,29.07,4873.21
43.8,40.60,9.42,12.40,29.07,4903.71
44.1,40.60,9.42,12.40,29.07,4895.07
44.4,40.60,11.56,12.40,29.07,4919.49
44.7,40.60,9.42,12.40,29.07,4925.04
45,40.60,9.42,24.80,28.46,7455.14
45.3,40.25,24.40,50.40,29.07,16191.97
45.6,40.25,37.24,51.60,29.07,15673.00
45.9,39.90,39.38,51.60,29.07,15277.35
46.2,39.55,39.38,48.40,29.07,14491.39
46.5,39.55,39.38,49.60,29.07,14619.63
46.8,39.20,43.66,46.40,28.46,13773.03
47.1,39.20,39.38,45.60,28.46,13668.31
47.4,39.20,32.96,43.20,28.46,13139.44
47.7,39.20,32.96,41.20,28.46,12800.98
48,39.20,30.82,40.00,27.86,12574.51
48.3,39.55,28.68,39.20,27.86,12454.09
48.6,39.55,28.68,40.00,27.86,12665.71
48.9,39.20,28.68,41.60,27.25,12974.89
49.2,39.20,30.82,42.40,27.25,13276.43
49.5,39.20,32.96,45.60,26.64,13854.19
49.8,39.20,35.10,47.20,26.64,13895.13
50.1,39.20,37.24,47.20,26.64,13559.16
50.4,39.20,37.24,42.40,26.64,13199.03
50.7,39.20,35.10,39.20,26.64,12205.41
51,39.20,26.54,36.00,26.64,11629.51
51.3,39.20,26.54,35.20,26.64,11478.82
51.6,39.55,15.84,12.40,26.03,6541.60
51.9,39.55,7.28,12.40,26.03,6089.94
52.2,39.90,7.28,12.40,26.03,6936.53
52.5,39.90,7.28,12.40,26.03,6909.09
52.8,40.25,9.42,12.40,26.03,4880.99
53.1,40.25,7.28,13.60,26.64,4418.76
53.4,40.25,7.28,16.40,27.86,5227.46
53.7,40.25,7.28,16.00,28.46,5190.62
54,40.25,5.14,16.40,29.07,5766.48
54.3,40.60,7.28,16.40,29.07,7162.49
54.6,40.60,9.42,16.40,29.07,6463.43
54.9,40.60,9.42,16.40,29.07,6651.94
55.2,40.60,9.42,16.40,29.07,6540.90
55.5,40.60,9.42,17.20,29.07,5926.96
55.8,40.25,9.42,24.80,29.07,7979.73
56.1,40.25,13.70,26.40,29.07,9699.25
56.4,40.25,17.98,26.40,29.07,10606.40
56.7,40.25,15.84,26.40,29.68,10536.92
57,39.90,15.84,26.40,29.07,10316.40
57.3,39.90,15.84,26.40,29.07,10292.08
57.6,39.90,13.70,26.40,29.07,10133.40
57.9,39.90,15.84,26.40,29.07,10106.60
58.2,39.90,15.84,26.40,28.46,10048.45
58.5,39.90,15.84,26.40,28.46,9948.68
58.8,39.90,15.84,26.40,28.46,9947.06
59.1,39.90,15.84,26.40,28.46,9948.68
59.4,40.25,15.84,26.40,27.86,9940.59
59.7,40.25,15.84,26.40,27.86,9961.65
60,40.25,15.84,26.40,27.86,9945.44
60.3,40.25,17.98,26.40,27.86,9950.30
60.6,40.25,17.98,26.40,27.86,9955.16
60.9,40.25,17.98,26.40,27.25,9953.54
61.2,40.25,17.98,26.40,27.25,9948.68
61.5,40.25,17.98,26.40,27.25,9951.92
61.8,40.25,17.98,26.40,27.25,9955.16
62.1,40.25,17.98,26.40,27.25,9960.03
62.4,40.25,17.98,26.40,26.64,9977.91
62.7,40.25,17.98,26.40,26.64,9916.40
63,40.25,17.98,26.40,26.64,9950.30
63.3,40.25,17.98,26.40,26.64,9938.97
63.6,40.25,15.84,26.40,26.64,9955.16
63.9,40.25,15.84,26.40,26.64,9961.65
64.2,40.25,15.84,26.40,26.03,9950.30
64.5,40.25,17.98,26.40,26.03,9960.03
64.8,39.90,15.84,26.00,26.03,9722.39
65.1,39.90,15.84,26.40,26.03,10155.29
65.4,39.90,17.98,26.40,26.64,11029.36
65.7,39.90,15.84,20.40,26.64,9762.77
66,39.90,9.42,12.40,26.64,6966.57
66.3,39.90,5.14,12.40,26.64,6857.93
66.6,39.90,5.14,12.40,26.03,6086.30
66.9,40.25,7.28,12.40,26.03,4319.46
67.2,40.25,7.28,12.40,26.03,4311.84
67.5,40.25,5.14,12.80,26.03,4404.75
67.8,40.25,7.28,16.40,26.03,5310.11
68.1,40.25,11.56,16.40,25.42,5566.91
68.4,40.25,9.42,16.40,25.42,5833.62
68.7,40.25,11.56,16.80,25.42,5918.35
69,40.25,9.42,16.40,26.03,6799.94
69.3,40.25,7.28,16.80,26.03,6789.37
69.6,40.25,9.42,16.40,26.03,7237.12
69.9,40.25,11.56,19.60,26.64,8070.33
70.2,40.25,11.56,19.20,26.64,8778.50
70.5,39.90,9.42,21.20,26.64,9645.68
70.8,39.90,11.56,21.60,26.03,9866.78
71.1,39.90,11.56,21.60,26.03,9835.03
71.4,39.90,11.56,21.60,26.64,10162.04
71.7,39.90,13.70,22.40,26.64,7749.07
72,39.90,11.56,22.40,26.64,8683.72
72.3,39.90,11.56,21.60,26.64,8302.73
72.6,39.90,11.56,21.60,26.03,8370.95
72.9,39.90,11.56,22.40,26.03,8198.05
73.2,39.90,13.70,21.60,26.03,7967.24
73.5,39.90,11.56,22.40,26.03,7910.53
73.8,39.90,9.42,20.40,26.64,8728.36
74.1,39.90,11.56,20.40,26.64,8935.05
74.4,39.90,13.70,20.40,27.25,9134.00
74.7,39.90,11.56,21.60,27.25,9805.05
75,39.90,11.56,21.60,27.25,9759.65
75.3,39.90,11.56,23.60,26.64,10093.25
75.6,39.90,11.56,23.60,26.64,8727.11
75.9,39.90,11.56,23.60,26.64,9389.35
76.2,39.90,13.70,22.80,27.25,9849.29
76.5,39.90,13.70,23.60,27.25,9537.32
76.8,39.90,13.70,23.60,27.25,8844.55
77.1,39.90,13.70,23.60,27.25,9607.78
77.4,39.90,13.70,23.60,27.25,10060.02
77.7,39.90,15.84,23.60,27.25,10295.55
78,39.90,15.84,23.60,27.25,10299.02
78.3,39.90,13.70,23.60,27.25,9150.40
78.6,39.90,11.56,23.60,27.25,10093.25
78.9,39.90,13.70,24.40,27.25,10641.49
79.2,39.90,13.70,24.40,27.25,10375.95
79.5,39.90,13.70,24.40,27.25,9854.05
79.8,39.90,13.70,21.60,27.25,9234.73
80.1,39.90,13.70,22.40,27.25,9501.74
80.4,39.90,11.56,21.60,27.25,9124.45
80.7,39.90,11.56,22.40,27.25,9937.36
81,39.90,11.56,23.60,27.25,10274.78
81.3,39.90,11.56,24.40,27.25,10439.74
81.6,39.90,13.70,25.60,27.25,9112.21
81.9,39.90,15.84,24.40,27.25,10522.41
82.2,39.90,15.84,25.60,26.64,10971.94
82.5,39.90,13.70,25.60,26.64,10938.56
82.8,39.90,13.70,25.60,26.64,9385.03
83.1,39.90,15.84,25.60,26.64,9846.12
83.4,39.90,15.84,25.60,26.64,10151.92
83.7,39.90,13.70,25.60,26.64,10187.45
84,39.55,13.70,24.40,26.64,10204.46
84.3,39.55,11.56,24.40,27.25,10140.13
84.6,39.55,11.56,24.40,27.25,10405.97
84.9,39.55,13.70,26.40,27.25,10635.93
85.2,39.55,13.70,24.80,26.64,10751.92
85.5,39.90,13.70,26.80,26.64,11425.18
85.8,39.55,15.84,25.60,26.64,10872.41
86.1,39.55,13.70,25.60,26.64,10319.89
86.4,39.55,11.56,23.60,26.64,10036.90
86.7,39.55,11.56,23.60,26.64,9653.30
87,39.55,11.56,23.60,26.64,9731.68
87.3,39.90,11.56,23.60,26.64,9916.40
87.6,39.90,13.70,23.60,26.64,10066.65
87.9,39.90,13.70,24.40,26.64,10226.65
88.2,39.90,11.56,24.40,26.64,10626.69
88.5,39.90,13.70,24.40,26.64,10446.88
88.8,39.90,11.56,24.80,26.64,10212.98
89.1,39.90,11.56,26.80,26.64,11207.31
89.4,39.55,13.70,27.60,26.64,11156.18
89.7,39.55,13.70,27.60,26.64,11350.92
90,39.55,15.84,27.60,26.64,10774.67
90.3,39.55,17.98,27.60,26.64,10470.14
90.6,39.55,17.98,26.80,26.64,10738.70
90.9,39.90,15.84,27.60,26.64,10757.60
91.2,39.90,11.56,25.60,26.64,10160.35
91.5,39.90,13.70,25.60,26.64,9942.21
91.8,39.90,15.84,24.40,26.64,9963.28
92.1,39.90,13.70,25.60,26.64,10375.95
92.4,39.90,13.70,25.60,26.64,10443.31
92.7,39.90,15.84,27.60,26.64,11071.31
93,39.90,15.84,28.80,26.64,11254.78
93.3,39.90,15.84,27.60,26.64,11292.20
93.6,39.90,17.98,26.80,26.64,10363.63
93.9,39.90,15.84,25.60,26.64,10064.99
94.2,39.90,11.56,26.80,26.03,10109.94
94.5,39.90,13.70,25.60,26.03,10027.02
94.8,39.55,13.70,24.80,26.03,9857.23
95.1,39.55,15.84,24.40,26.64,10038.54
95.4,39.55,13.70,24.40,26.03,9645.68
95.7,39.55,11.56,22.40,26.03,9299.36
96,39.55,11.56,23.60,26.03,9467.89
96.3,39.55,11.56,23.60,26.64,9247.31
96.6,39.55,11.56,23.60,26.03,9362.03
96.9,39.90,11.56,24.40,26.64,9583.68
97.2,39.90,13.70,24.80,26.03,9559.70
97.5,39.90,15.84,24.40,26.03,9552.23
97.8,39.90,15.84,26.80,26.03,9800.34
98.1,39.90,13.70,24.40,26.03,9376.39
98.4,39.55,13.70,25.60,26.03,9736.33
98.7,39.55,15.84,25.60,26.03,9716.21
99,39.55,15.84,24.40,26.64,9424.10
99.3,39.55,13.70,25.60,26.03,9714.67
99.6,39.55,15.84,25.60,26.03,9716.21
99.9,39.90,17.98,25.60,26.03,9759.65
100.2,39.55,15.84,25.60,26.03,9694.64
100.5,39.55,13.70,25.60,26.03,9667.04
100.8,39.55,11.56,23.60,26.03,9187.54
101.1,39.55,11.56,23.60,26.03,9190.30
101.4,39.55,11.56,21.60,25.42,9004.82
101.7,39.55,11.56,23.60,26.03,8998.19
102,39.55,11.56,23.60,26.03,9248.71
102.3,39.90,13.70,21.60,26.03,8786.07
102.6,39.90,15.84,22.80,26.03,9020.76
102.9,39.90,15.84,21.60,26.03,8728.36
103.2,39.55,11.56,21.60,25.42,8950.75
103.5,39.55,11.56,21.60,26.03,8743.34
103.8,39.55,11.56,21.60,26.03,8847.11
104.1,39.55,11.56,21.60,26.03,8822.85
104.4,39.55,11.56,21.60,26.03,8805.06
104.7,39.55,9.42,21.60,25.42,8825.40
105,39.55,9.42,22.80,26.03,9026.09
105.3,39.90,13.70,21.60,26.03,9026.09
105.6,39.90,13.70,23.60,26.03,9288.06
105.9,39.90,11.56,24.40,26.03,9484.05
106.2,39.55,11.56,24.40,26.03,9559.70
106.5,39.55,11.56,23.60,26.03,9332.01
106.8,39.55,11.56,23.60,26.03,9283.82
107.1,39.55,11.56,23.60,26.03,9326.32
107.4,39.55,11.56,22.40,26.03,8988.93
107.7,39.55,11.56,22.40,25.42,9011.45
108,39.55,11.56,22.40,26.03,9157.26
108.3,39.55,11.56,22.40,26.03,8945.51
108.6,39.55,13.70,22.40,26.03,9086.47
108.9,39.55,13.70,22.80,26.03,9128.54
109.2,39.55,11.56,22.80,26.03,9024.76
109.5,39.55,11.56,22.80,26.03,9120.37
109.8,39.55,11.56,22.80,26.03,9113.57
110.1,39.55,11.56,22.80,25.42,9140.82
110.4,39.55,11.56,21.60,26.03,8863.79
110.7,39.90,9.42,16.80,26.03,7473.37
111,39.90,9.42,16.80,26.03,7638.68
111.3,39.90,9.42,16.80,25.42,7700.26
111.6,39.90,9.42,16.80,26.03,7792.54
111.9,39.90,9.42,16.80,26.03,7806.47
112.2,39.90,9.42,16.80,26.03,7957.91
112.5,39.90,9.42,16.40,26.03,7958.94
112.8,39.90,7.28,16.40,26.03,6711.10
113.1,39.90,9.42,16.40,25.42,5524.65
113.4,39.90,11.56,16.40,25.42,5507.72
113.7,39.90,11.56,16.40,25.42,5548.22
114,39.90,9.42,16.40,25.42,5727.58
114.3,39.90,7.28,16.40,25.42,6107.58
114.6,39.90,9.42,16.40,25.42,6184.21
114.9,39.90,7.28,16.40,26.03,7188.60
115.2,39.90,7.28,16.40,26.03,7219.17
115.5,39.90,7.28,19.20,26.03,8168.47
115.8,39.90,7.28,19.60,26.03,8720.89
116.1,39.55,9.42,20.40,26.03,8815.21
116.4,39.55,9.42,20.40,26.03,9158.63
116.7,39.55,9.42,20.40,26.03,9467.89
117,39.55,9.42,21.60,26.03,9688.49
117.3,39.55,11.56,22.40,26.03,10351.35
117.6,39.55,11.56,22.80,26.64,9169.62
117.9,39.55,13.70,22.40,26.64,8434.48
118.2,39.55,13.70,20.40,26.64,9540.30
118.5,39.55,11.56,21.60,26.64,9947.06
118.8,39.90,11.56,21.60,26.64,9612.31
119.1,39.90,11.56,21.60,26.64,9945.44
119.4,39.55,15.84,22.40,26.03,7949.63
119.7,39.55,15.84,23.60,26.64,9177.88
120,39.55,13.70,23.60,26.64,8822.85
120.3,39.55,13.70,21.60,26.64,7964.13
120.6,39.55,13.70,22.40,26.64,9201.37
120.9,39.55,11.56,20.40,26.64,8991.57
121.2,39.55,11.56,21.60,26.64,9125.81
121.5,39.55,11.56,21.60,26.64,9372.08
121.8,39.55,11.56,24.80,27.25,10130.04
122.1,39.55,7.28,7.20,27.25,4653.57
122.4,39.55,13.70,30.40,27.86,7730.45
122.7,39.55,22.26,32.00,28.46,11246.49
123,39.55,17.98,32.00,29.68,11217.60
123.3,39.55,17.98,32.00,29.68,10897.61
123.6,39.55,20.12,32.00,29.68,11083.35
123.9,39.55,17.98,32.00,29.68,11160.25
124.2,39.55,20.12,32.00,29.68,10860.82
124.5,39.55,22.26,37.60,29.68,13668.31
124.8,39.55,24.40,43.60,29.68,13766.82
125.1,39.20,28.68,46.40,29.68,14563.90
125.4,39.20,30.82,47.60,30.29,14211.74
125.7,39.20,32.96,48.00,30.29,13974.55
126,38.85,35.10,48.40,30.29,13847.91
126.3,38.85,37.24,48.00,30.29,13810.37
126.6,38.85,37.24,48.00,29.68,13735.89
126.9,38.85,37.24,48.00,29.68,13653.05
127.2,38.85,32.96,47.60,29.68,13686.68
127.5,38.85,32.96,47.60,29.68,13674.43
127.8,38.85,35.10,47.60,29.68,13659.15
128.1,38.85,35.10,47.20,29.07,13490.33
128.4,38.85,30.82,37.60,29.07,12125.51
128.7,38.85,26.54,36.00,28.46,11707.47
129,38.85,24.40,36.00,28.46,11550.40
129.3,38.85,22.26,36.00,27.86,11678.39
129.6,38.85,22.26,35.60,27.86,11496.09
129.9,39.20,15.84,18.40,27.86,8454.31
130.2,39.20,9.42,8.00,27.25,3460.02
130.5,39.20,7.28,8.80,27.25,3543.05
130.8,39.55,7.28,8.80,26.64,3567.24
131.1,39.55,5.14,8.80,26.64,3627.36
131.4,39.55,11.56,21.60,26.64,6291.14
131.7,39.55,13.70,23.60,26.64,6886.51
132,39.55,15.84,23.60,26.64,8388.18
132.3,39.55,20.12,22.40,26.64,7953.77
132.6,39.55,15.84,22.80,26.64,8613.96
132.9,39.55,13.70,21.60,26.64,9022.09
133.2,39.55,13.70,22.40,27.25,9262.72
133.5,39.55,15.84,22.80,27.25,9350.57
133.8,39.55,15.84,22.40,27.25,9199.98
134.1,39.55,13.70,21.60,27.25,9020.76
134.4,39.55,13.70,21.60,27.25,9467.89
134.7,39.55,13.70,21.60,27.25,9380.71
135,39.55,13.70,21.60,27.25,9858.82
135.3,39.55,13.70,23.60,27.25,9326.32
135.6,39.55,13.70,23.60,27.25,9708.50
135.9,39.55,13.70,23.60,27.25,8789.86
136.2,39.55,13.70,23.60,27.25,10319.89
136.5,39.55,15.84,23.60,27.25,10290.35
136.8,39.55,13.70,23.60,27.86,9177.88
137.1,39.55,15.84,23.60,27.86,8697.31
137.4,39.55,15.84,23.60,27.86,9723.94
137.7,39.55,13.70,23.60,27.86,9674.69
138,39.55,15.84,23.60,27.86,9995.86
138.3,39.55,15.84,23.60,27.86,9935.74
138.6,39.55,15.84,23.60,27.86,10347.84
138.9,39.55,15.84,23.60,27.86,9930.90
139.2,39.55,15.84,24.40,27.86,9960.03
139.5,39.55,17.98,24.40,27.86,9513.57
139.8,39.55,17.98,24.40,27.86,9716.21
140.1,39.55,13.70,24.40,27.86,10109.94
140.4,39.55,13.70,24.40,27.86,10238.64
140.7,39.55,13.70,24.40,27.86,10140.13
141,39.55,15.84,23.60,27.86,10226.65
141.3,39.55,13.70,23.60,27.25,10509.75
141.6,39.55,13.70,23.60,27.25,9958.41
141.9,39.55,15.84,24.40,27.25,8857.37
142.2,39.55,15.84,24.80,27.25,9272.56
142.5,39.55,15.84,25.60,27.86,9429.91
142.8,39.55,17.98,25.60,27.25,9380.71
143.1,39.20,15.84,25.60,27.25,9024.76
143.4,39.20,15.84,24.40,27.25,9694.64
143.7,39.20,15.84,22.80,27.25,9363.46
144,39.20,15.84,22.40,27.25,9319.21
144.3,39.20,13.70,22.40,27.25,9488.47
144.6,39.20,11.56,22.40,27.86,9553.72
144.9,39.20,11.56,22.40,27.86,9873.15
145.2,39.20,15.84,22.80,27.25,9968.15
145.5,39.20,15.84,23.60,27.25,10606.40
145.8,39.20,13.70,23.60,27.86,10163.73
146.1,39.55,13.70,24.40,27.86,9719.30
146.4,39.55,15.84,25.60,27.86,9586.68
146.7,39.55,17.98,26.80,27.25,10624.84
147,39.55,15.84,26.80,27.25,11091.40
147.3,39.55,17.98,26.80,27.86,10177.27
147.6,39.55,17.98,26.80,27.86,10285.16
147.9,39.20,15.84,26.80,27.86,10488.11
148.2,39.20,15.84,26.80,27.25,10602.72
148.5,39.20,15.84,26.80,27.86,10335.59
148.8,39.20,17.98,25.60,27.86,9916.40
149.1,39.20,15.84,24.40,27.86,9819.23
149.4,39.20,13.70,25.60,27.86,10106.60
149.7,39.20,17.98,25.60,27.86,10354.85
150,39.20,20.12,26.80,27.25,10680.53
150.3,39.20,20.12,25.60,27.25,10094.91
150.6,39.20,17.98,24.40,27.25,9828.70
150.9,39.20,15.84,23.60,27.25,9494.36
151.2,39.20,15.84,23.60,27.25,9448.86
151.5,39.20,15.84,23.60,27.25,9650.25
151.8,39.20,17.98,23.60,27.25,9789.35
152.1,39.20,15.84,23.60,27.25,9765.89
152.4,39.20,15.84,24.40,27.25,10121.66
152.7,39.20,13.70,26.40,26.64,10628.53
153,39.20,13.70,25.60,26.64,10617.46
153.3,39.20,15.84,26.80,27.25,11258.92
153.6,39.20,17.98,27.60,27.25,11405.99
153.9,39.20,17.98,27.60,27.25,11250.63
154.2,39.20,17.98,28.80,27.25,11367.81
154.5,39.20,17.98,28.80,26.64,10520.60
154.8,39.20,20.12,27.60,26.64,10768.97
155.1,39.20,20.12,27.60,26.64,10661.90
155.4,39.20,17.98,27.60,27.25,10347.84
155.7,39.20,15.84,26.80,27.25,10354.85
156,39.20,17.98,25.60,27.25,10393.59
156.3,39.20,17.98,25.60,27.25,10434.40
156.6,39.20,17.98,25.60,27.25,10613.77
156.9,39.20,17.98,27.60,27.25,11085.36
157.2,39.20,20.12,28.80,27.25,11420.91
157.5,39.20,20.12,28.80,26.64,11395.36
157.8,39.20,20.12,25.60,26.64,10212.98
158.1,39.20,17.98,26.80,26.64,10337.34
158.4,39.20,17.98,25.60,26.64,9897.13
158.7,39.20,17.98,25.60,26.64,9947.06
159,39.20,15.84,25.60,26.64,9950.30
159.3,39.20,15.84,25.60,27.25,9947.06
159.6,39.20,15.84,26.80,27.25,10558.77
159.9,39.20,15.84,27.60,27.25,10589.86
160.2,39.20,17.98,27.60,26.64,10753.82
160.5,39.20,20.12,28.80,26.64,11051.29
160.8,39.20,17.98,28.80,26.64,11057.29
161.1,39.20,15.84,28.80,27.25,10862.75
161.4,39.20,17.98,28.80,27.25,10909.28
161.7,39.20,17.98,28.80,26.64,10872.41
162,39.20,20.12,30.00,26.64,10621.15
162.3,39.20,17.98,28.80,26.64,10402.43
162.6,39.20,15.84,26.80,26.64,9989.33
162.9,39.20,15.84,26.80,26.64,9754.98
163.2,39.20,15.84,25.60,26.64,9558.20
163.5,39.20,15.84,25.60,26.64,9369.21
163.8,39.20,17.98,25.60,26.64,9360.60
164.1,39.20,15.84,25.60,26.64,9497.31
164.4,39.20,15.84,25.60,26.64,9390.80
164.7,39.20,17.98,26.80,26.64,9659.40
165,39.20,20.12,27.60,26.64,9865.19
165.3,39.20,20.12,24.80,26.64,9286.64
165.6,39.20,17.98,22.40,26.64,8847.11
165.9,39.20,15.84,22.80,26.03,8808.86
166.2,39.20,15.84,22.80,26.03,8812.67
166.5,39.20,13.70,22.80,26.03,8856.08
166.8,39.20,11.56,22.80,26.03,8902.52
167.1,39.20,13.70,22.80,25.42,8983.64
167.4,39.20,15.84,22.80,25.42,8925.92
167.7,39.20,15.84,22.80,26.03,8938.97
168,39.20,13.70,22.80,26.03,8974.41
168.3,39.20,13.70,23.60,26.64,9212.46
168.6,39.20,11.56,22.40,26.64,9043.45
168.9,39.20,13.70,23.60,26.64,9153.14
169.2,39.20,15.84,25.60,26.03,9418.29
169.5,39.20,13.70,22.40,26.03,8868.93
169.8,39.20,13.70,23.60,26.03,9275.37
170.1,39.20,13.70,23.60,26.03,9222.19
170.4,39.20,15.84,23.60,26.03,9191.68
170.7,39.20,13.70,22.80,26.03,9173.75
171,39.20,11.56,23.60,26.03,9241.71
171.3,39.20,13.70,23.60,26.03,9209.69
171.6,39.20,15.84,23.60,26.03,9220.80
171.9,39.20,15.84,23.60,26.03,9187.54
172.2,39.20,15.84,22.80,26.03,9153.14
172.5,39.20,15.84,23.60,26.03,9213.85
172.8,39.20,13.70,21.60,25.42,8813.94
173.1,39.20,15.84,23.60,26.03,9265.53
173.4,39.20,15.84,22.80,26.03,8954.69
173.7,39.20,15.84,22.40,26.03,8969.14
174,39.20,13.70,22.80,26.03,8994.22
174.3,39.20,13.70,22.40,26.03,8928.53
174.6,39.20,13.70,22.40,26.03,9110.85
174.9,39.20,13.70,24.40,26.03,9219.41
175.2,39.20,13.70,24.40,26.03,9456.17
175.5,39.20,13.70,24.40,26.03,9532.86
175.8,39.20,15.84,24.80,26.03,9567.18
176.1,39.20,15.84,24.40,26.03,9512.09
176.4,39.20,15.84,23.60,26.03,9319.21
176.7,39.20,15.84,24.40,26.03,9369.21
177,39.20,17.98,24.40,26.03,9489.94
177.3,39.20,17.98,23.60,26.03,9121.73
177.6,39.20,15.84,23.60,26.03,9281.00
177.9,39.20,13.70,23.60,26.03,9199.98
178.2,39.20,13.70,23.60,26.03,9236.13
178.5,39.20,13.70,23.60,26.03,9183.40
178.8,39.20,11.56,23.60,26.03,9208.30
179.1,39.20,13.70,23.60,26.03,9202.75
179.4,39.20,13.70,23.60,26.03,9188.92
179.7,39.20,13.70,22.40,26.03,8910.31
180,39.20,11.56,8.80,26.03,4779.47
180.3,39.20,5.14,8.80,26.03,4562.23
180.6,39.20,5.14,8.80,26.03,4317.02
180.9,39.20,5.14,8.80,26.03,3979.99
181.2,39.55,5.14,8.80,26.03,3768.48
181.5,39.55,5.14,8.80,26.03,3711.27
181.8,39.55,5.14,8.80,26.03,3688.21
182.1,39.55,7.28,8.80,26.03,3613.21
182.4,39.55,7.28,7.60,25.42,3264.34
182.7,39.55,7.28,6.00,26.03,2570.75
183,39.55,3.00,6.80,27.25,2682.79
183.3,39.55,3.00,13.60,27.86,4449.96
183.6,39.55,7.28,20.80,27.86,5914.91
183.9,39.55,15.84,32.40,27.86,9742.54
184.2,39.20,26.54,44.80,27.86,14937.61
184.5,39.20,32.96,63.20,27.86,18295.33
184.8,38.85,45.80,87.20,27.86,20854.55
185.1,38.15,86.46,100.00,27.86,22944.71
185.4,37.10,127.12,100.00,28.46,22571.90
185.7,36.40,142.10,100.00,28.46,22235.25
186,35.70,139.96,100.00,28.46,22970.57
186.3,35.00,129.26,100.00,28.46,23321.13
186.6,35.35,124.98,100.00,27.86,27082.28
186.9,36.05,82.18,54.80,27.86,14539.65
187.2,36.40,37.24,47.20,27.86,12963.88
187.5,37.10,41.52,59.20,27.86,15114.91
187.8,37.45,60.78,70.00,27.25,16623.52
188.1,37.10,65.06,67.60,27.25,16719.01
188.4,37.10,50.08,58.00,26.64,14883.05
188.7,37.10,43.66,58.00,26.64,14825.30
189,37.10,37.24,50.40,26.64,13517.18
189.3,37.45,20.12,8.00,26.64,7034.72
189.6,38.15,5.14,11.20,27.25,4100.68
189.9,38.50,3.00,12.40,28.46,4182.90
190.2,38.85,5.14,12.40,29.07,4189.21
190.5,39.20,9.42,12.40,29.07,4194.96
190.8,39.55,9.42,12.40,29.68,4213.17
191.1,39.55,9.42,12.40,29.68,4242.12
191.4,39.55,7.28,12.40,29.68,4233.01
191.7,39.55,7.28,12.40,29.68,4273.56
192,39.55,7.28,12.40,29.68,4240.06
192.3,39.55,7.28,12.40,29.68,4243.89
192.6,39.55,7.28,12.40,30.29,4235.36
192.9,39.55,7.28,12.40,30.29,4250.97
193.2,39.55,5.14,12.40,30.29,4262.23
193.5,39.55,5.14,12.40,29.68,4315.50
193.8,39.55,7.28,12.40,29.68,4414.29
194.1,39.55,9.42,12.40,29.68,4505.40
194.4,39.55,9.42,12.40,30.29,4599.30
194.7,39.55,7.28,12.40,30.29,4695.40
195,39.55,7.28,12.40,30.29,4636.28
195.3,39.55,7.28,12.40,30.29,4638.39
195.6,39.55,5.14,12.40,30.29,4632.06
195.9,39.55,5.14,8.80,30.29,3757.13
196.2,39.55,5.14,8.80,30.29,3855.72
196.5,39.55,5.14,8.80,30.29,3790.68
196.8,39.55,5.14,8.80,30.29,3749.75
197.1,39.55,3.00,8.80,30.29,3732.12
197.4,39.55,5.14,8.80,30.29,3708.12
197.7,39.55,5.14,8.80,30.29,3677.34
198,39.55,5.14,8.80,30.29,3669.83
198.3,39.55,5.14,8.80,30.29,3645.75
198.6,39.55,5.14,8.80,30.29,3555.83
198.9,39.55,3.00,8.80,30.29,3563.50
199.2,39.55,3.00,8.80,30.29,3563.08
199.5,39.55,3.00,8.80,30.29,3557.28
199.8,39.55,3.00,8.80,30.29,3564.12
200.1,39.55,3.00,8.80,30.29,3565.58
200.4,39.55,5.14,8.80,30.29,3576.64
200.7,39.55,3.00,8.80,30.29,3572.45
201,39.55,7.28,21.60,30.29,6360.53
201.3,39.55,15.84,18.40,30.29,6215.65
201.6,39.55,13.70,20.40,30.29,7034.72
201.9,39.55,11.56,20.40,30.29,6980.89
202.2,39.20,13.70,21.60,30.90,7398.29
202.5,39.20,11.56,21.60,30.90,7674.16
202.8,39.20,9.42,21.60,30.90,7946.53
203.1,39.20,9.42,22.40,30.90,7913.61
203.4,39.20,11.56,22.40,30.90,8196.96
203.7,39.20,13.70,23.60,30.90,8812.67
204,39.20,13.70,23.60,30.90,8418.22
204.3,39.20,11.56,22.40,30.90,7400.08
204.6,39.20,7.28,8.80,30.90,5166.92
204.9,39.20,5.14,8.80,30.90,4291.56
205.2,39.20,5.14,8.80,30.90,3994.29
205.5,39.20,3.00,8.80,30.90,3992.99
205.8,39.55,5.14,8.80,30.90,3870.86
206.1,39.55,5.14,8.80,30.90,3766.62
206.4,39.55,5.14,9.20,30.90,3620.70
206.7,39.55,5.14,8.80,30.90,3471.22
207,39.55,5.14,8.80,30.29,3484.48
207.3,39.55,5.14,8.80,30.29,3406.22
207.6,39.55,5.14,8.80,30.29,3401.67
207.9,39.55,3.00,8.80,30.90,3379.86
208.2,39.55,3.00,9.20,30.90,3460.02
208.5,39.55,5.14,8.80,30.90,3413.26
208.8,39.55,3.00,8.80,30.29,3411.93
209.1,39.55,5.14,8.80,30.29,3362.38
209.4,39.55,5.14,8.80,30.29,3367.20
209.7,39.55,3.00,8.80,30.29,3367.20
210,39.55,3.00,8.80,30.29,3425.70
210.3,39.55,3.00,8.80,30.90,3464.73
210.6,39.55,3.00,8.80,30.90,3524.05
210.9,39.55,3.00,8.80,30.90,3541.00
211.2,39.55,5.14,8.80,30.90,3561.22
211.5,39.55,5.14,8.80,30.90,3594.51
211.8,39.55,5.14,8.80,30.90,3565.58
212.1,39.55,5.14,8.80,30.90,3600.02
212.4,39.55,5.14,8.80,30.90,3578.52
212.7,39.55,3.00,8.00,31.50,3352.97
213,39.55,3.00,8.80,31.50,3432.62
213.3,39.55,5.14,8.80,31.50,3448.50
213.6,39.55,5.14,8.80,31.50,3477.14
213.9,39.55,3.00,8.80,31.50,3478.33
214.2,39.55,5.14,8.80,31.50,3511.50
214.5,39.55,5.14,8.80,31.50,3596.84
214.8,39.55,3.00,8.80,31.50,3672.92
215.1,39.55,5.14,8.80,31.50,3681.55
215.4,39.55,5.14,8.80,31.50,3672.03
215.7,39.55,3.00,8.80,31.50,3648.36
216,39.55,3.00,8.80,31.50,3618.99
216.3,39.55,3.00,8.80,31.50,3618.13
216.6,39.55,5.14,8.80,31.50,3620.49
216.9,39.55,7.28,8.80,31.50,3619.84
217.2,39.55,5.14,8.80,32.11,3541.41
217.5,39.55,3.00,8.80,32.11,3544.90
217.8,39.55,3.00,8.80,32.11,3552.32
218.1,39.55,3.00,8.80,31.50,3563.71
218.4,39.55,7.28,21.60,31.50,6282.73
218.7,39.55,13.70,19.60,31.50,6267.27
219,39.55,13.70,20.40,32.11,7012.93
219.3,39.20,11.56,20.40,32.11,7476.11
219.6,39.20,11.56,21.60,32.11,7965.17
219.9,39.20,13.70,21.60,32.11,8039.55
220.2,39.20,13.70,20.40,32.11,8060.75
220.5,39.20,11.56,22.40,32.11,8230.07
220.8,39.20,9.42,22.40,32.11,8216.79
221.1,39.20,11.56,22.40,32.11,8507.26
221.4,39.20,11.56,22.40,32.11,8437.98
221.7,39.20,13.70,23.60,32.11,7959.98
222,39.20,11.56,23.60,32.11,9302.19
222.3,39.20,11.56,21.60,32.72,9324.90
222.6,39.20,13.70,22.40,32.72,9734.78
222.9,39.20,13.70,23.60,32.11,10344.34
223.2,39.20,13.70,23.60,32.11,10446.88
223.5,39.20,11.56,23.60,32.11,10411.29
223.8,39.20,11.56,24.40,32.11,8231.17
224.1,39.20,11.56,22.40,32.11,8528.63
224.4,39.20,13.70,23.60,31.50,8962.57
224.7,39.20,13.70,24.40,31.50,8990.25
225,39.20,13.70,24.40,31.50,7795.52
225.3,39.20,13.70,20.40,31.50,8810.13
225.6,39.20,11.56,21.60,31.50,9054.17
225.9,39.20,9.42,21.60,31.50,9172.37
226.2,39.20,11.56,22.40,32.11,9951.92
226.5,39.20,11.56,23.60,31.50,10150.23
226.8,38.85,11.56,24.40,31.50,9497.31
227.1,38.85,11.56,25.60,31.50,9042.11
227.4,38.85,15.84,24.40,31.50,9909.97
227.7,38.85,15.84,24.40,31.50,9877.94
228,38.85,15.84,25.60,31.50,9323.47
228.3,39.20,17.98,25.60,31.50,9977.91
228.6,39.20,15.84,24.40,31.50,9909.97
228.9,38.85,13.70,25.60,31.50,10527.85
229.2,38.85,15.84,24.40,31.50,9817.65
229.5,38.85,13.70,24.40,31.50,10177.27
229.8,38.85,11.56,24.40,30.90,10363.63
230.1,38.85,13.70,24.40,30.90,10759.50
230.4,38.85,13.70,24.40,30.90,10240.36
230.7,38.85,13.70,26.80,30.90,11170.45
231,38.85,13.70,24.40,30.90,9693.10
231.3,38.85,13.70,25.60,30.90,9964.90
231.6,38.85,13.70,23.60,30.90,9561.19
231.9,39.20,11.56,23.60,30.90,9816.07
232.2,39.20,9.42,25.60,30.90,10195.95
232.5,38.85,11.56,25.60,30.90,10830.03
232.8,38.85,11.56,25.60,30.90,10841.56
233.1,38.85,13.70,27.60,30.90,11388.99
233.4,38.85,15.84,27.60,30.29,11188.85
233.7,38.85,15.84,27.60,30.29,10971.94
234,38.85,15.84,27.60,30.29,9227.76
234.3,38.85,15.84,27.60,30.29,10477.32
234.6,38.85,15.84,26.40,30.29,10383.00
234.9,38.85,13.70,26.80,30.29,10255.82
235.2,38.85,13.70,26.80,30.29,10160.35
235.5,38.85,15.84,25.60,30.29,10340.84
235.8,38.85,9.42,8.80,30.29,4594.46
236.1,39.20,3.00,8.80,30.29,4209.11
236.4,39.20,5.14,8.80,29.68,4066.30
236.7,39.20,5.14,8.80,29.68,4024.54
237,39.55,7.28,14.40,30.29,4425.48
237.3,39.55,5.14,12.40,30.29,4162.67
237.6,39.55,3.00,12.40,30.90,4190.07
237.9,39.55,5.14,12.40,30.90,4218.99
238.2,39.55,5.14,12.40,30.90,4242.71
238.5,39.55,5.14,12.40,30.90,4242.12
238.8,39.55,5.14,13.20,30.90,4408.56
239.1,39.20,3.00,16.40,30.90,5045.79
239.4,39.20,5.14,20.40,30.90,5843.66
239.7,39.20,5.14,20.80,30.90,7370.64
240,39.20,7.28,20.80,30.90,6552.82
240.3,39.20,11.56,20.80,31.50,7163.33
240.6,39.20,11.56,20.80,31.50,8212.37
240.9,39.20,9.42,20.80,31.50,8370.95
241.2,39.20,9.42,20.80,31.50,8662.80
241.5,39.20,11.56,20.40,31.50,8678.79
241.8,39.20,9.42,20.80,31.50,8825.40
242.1,39.20,7.28,20.80,31.50,8867.65
242.4,39.20,5.14,12.40,31.50,6406.53
242.7,39.20,9.42,20.80,31.50,6459.34
243,39.20,11.56,20.80,31.50,7743.18
243.3,39.20,7.28,20.80,30.90,6638.22
243.6,39.20,7.28,20.80,30.90,8441.47
243.9,39.20,7.28,20.80,30.90,8503.71
244.2,39.20,9.42,20.40,30.90,6793.90
244.5,39.20,9.42,20.40,30.90,7267.23
244.8,39.20,7.28,20.40,30.90,7048.51
245.1,39.20,9.42,20.40,30.90,8118.57
245.4,39.20,9.42,20.40,30.90,8281.36
245.7,39.20,5.14,8.80,30.90,4822.46
246,39.20,3.00,8.80,30.90,4604.50
246.3,39.20,3.00,8.80,30.90,3951.43
246.6,39.20,3.00,8.80,30.90,3781.06
246.9,39.55,3.00,8.80,30.90,3701.61
247.2,39.55,3.00,8.80,30.90,3642.49
247.5,39.55,3.00,8.80,30.90,3620.70
247.8,39.20,9.42,19.20,30.90,5934.44
248.1,39.20,11.56,21.60,30.90,6459.34
248.4,39.20,7.28,18.40,30.90,6615.94
248.7,39.20,9.42,19.20,30.90,6633.89
249,39.20,7.28,18.40,30.90,6552.12
249.3,39.20,7.28,21.60,31.50,7321.20
249.6,39.20,7.28,18.40,31.50,6812.83
249.9,39.20,7.28,19.60,31.50,7271.56
250.2,39.20,7.28,20.40,31.50,7463.33
250.5,39.20,7.28,21.60,31.50,7910.53
250.8,38.85,9.42,21.60,31.50,7457.87
251.1,38.85,11.56,23.60,31.50,8703.50
251.4,38.85,9.42,21.60,31.50,8365.22
251.7,38.85,11.56,23.60,31.50,8812.67
252,38.85,15.84,22.40,32.11,8559.68
252.3,38.85,13.70,23.60,32.11,9734.78
252.6,38.85,11.56,22.40,32.11,9676.22
252.9,38.85,9.42,20.40,31.50,9653.30
253.2,38.85,9.42,22.40,31.50,9854.05
253.5,38.85,9.42,21.60,31.50,9862.00
253.8,38.85,9.42,21.60,32.11,7952.73
254.1,38.85,11.56,21.60,32.11,8419.38
254.4,38.85,11.56,23.60,32.11,8523.87
254.7,38.85,7.28,8.80,32.11,4763.09
255,39.20,3.00,8.80,32.11,4467.85
255.3,39.20,3.00,8.80,31.50,3772.43
255.6,39.20,3.00,9.20,31.50,3755.74
255.9,39.20,3.00,8.80,31.50,3615.99
256.2,39.20,9.42,17.60,32.11,5130.92
256.5,39.20,11.56,16.40,32.11,4987.74
256.8,39.20,7.28,16.40,32.11,5079.33
257.1,39.20,7.28,16.40,32.11,5085.25
257.4,39.20,9.42,16.40,32.11,5472.71
257.7,39.20,9.42,16.00,32.11,5670.19
258,39.20,7.28,16.40,32.72,5604.69
258.3,39.20,7.28,16.40,32.72,5792.71
258.6,39.20,7.28,16.40,32.72,5789.97
258.9,39.20,9.42,16.40,32.72,5446.38
259.2,39.20,11.56,16.40,32.72,5693.43
259.5,39.20,9.42,16.40,32.72,5596.99
259.8,39.20,7.28,16.00,32.72,5674.41
260.1,39.20,9.42,16.40,32.72,5783.94
260.4,39.20,9.42,16.40,32.72,6689.07
260.7,39.20,9.42,16.40,32.72,6785.60
261,39.20,9.42,16.40,32.72,7122.43
261.3,39.20,9.42,16.40,32.72,7753.99
261.6,39.20,9.42,16.40,32.72,8417.06
261.9,39.20,9.42,16.40,32.72,8146.70
262.2,39.20,9.42,16.40,32.72,7034.72
262.5,39.20,9.42,16.40,32.72,5446.38
262.8,39.20,11.56,16.40,32.72,5558.81
263.1,39.20,11.56,16.40,32.72,5774.11
263.4,39.20,9.42,12.00,32.11,5065.02
263.7,39.20,7.28,12.40,32.11,5063.34
264,39.20,3.00,12.40,32.11,5128.77
264.3,39.20,3.00,12.40,32.72,5061.67
264.6,39.20,5.14,12.40,32.72,4784.34
264.9,39.55,7.28,12.40,32.72,4622.95
265.2,39.20,5.14,12.40,32.11,4528.76
265.5,39.20,5.14,12.40,32.11,4520.72
265.8,39.20,5.14,12.40,32.11,4539.19
266.1,39.20,7.28,12.40,32.72,4563.59
266.4,39.20,11.56,19.60,32.72,6103.31
266.7,39.20,13.70,20.40,32.72,7405.46
267,39.20,11.56,17.20,32.72,7723.62
267.3,39.20,11.56,18.40,32.72,7110.83
267.6,39.20,9.42,18.40,32.72,6470.96
267.9,39.20,9.42,19.60,32.72,7129.91
268.2,39.20,11.56,19.60,32.72,7487.10
268.5,39.20,11.56,21.60,32.72,7533.24
268.8,39.20,13.70,21.60,33.33,7726.54
269.1,39.20,13.70,23.60,33.33,8421.70
269.4,39.20,13.70,23.60,33.33,8648.09
269.7,39.20,13.70,22.40,33.33,7898.27
270,38.85,13.70,22.40,33.33,8577.70
270.3,38.85,13.70,22.80,33.33,9020.76
270.6,38.85,11.56,23.60,32.72,9525.43
270.9,38.85,11.56,21.60,33.33,9550.73
271.2,38.85,11.56,22.40,33.33,9717.76
271.5,38.85,11.56,22.40,33.33,10076.61
271.8,39.20,11.56,21.60,32.72,9877.94
272.1,39.20,11.56,21.60,32.72,8683.72
272.4,39.20,13.70,21.60,32.72,8262.33
272.7,38.85,13.70,22.40,32.72,8523.87
273,38.85,13.70,22.40,32.72,8028.99
273.3,38.85,11.56,21.60,33.33,8211.27
273.6,38.85,9.42,18.40,33.33,8241.16
273.9,38.85,9.42,19.60,33.33,8501.35
274.2,38.85,11.56,21.60,32.72,9046.13
274.5,38.85,9.42,22.40,32.72,9363.46
274.8,38.85,9.42,23.60,32.72,8858.65
275.1,38.85,13.70,24.40,33.33,8488.36
275.4,38.85,13.70,24.40,33.33,9261.32
275.7,38.85,11.56,24.40,32.72,9257.11
276,38.85,15.84,25.60,32.72,8691.13
276.3,38.85,17.98,24.40,32.72,9789.35
276.6,38.85,13.70,24.40,32.72,9532.86
276.9,38.85,13.70,23.60,32.72,9696.18
277.2,38.85,9.42,12.00,32.72,6175.46
277.5,38.85,5.14,8.00,32.11,3286.45
277.8,39.20,3.00,8.80,32.11,3293.18
278.1,39.20,5.14,8.80,32.11,3314.97
278.4,39.20,5.14,8.80,32.11,3321.99
278.7,39.55,5.14,8.80,32.11,3357.39
279,39.55,5.14,8.80,32.11,3362.93
279.3,39.55,5.14,8.80,32.11,3361.27
279.6,39.55,5.14,8.80,32.11,3371.09
279.9,39.55,3.00,8.80,32.11,3363.30
280.2,39.55,5.14,8.80,32.11,3413.07
280.5,39.55,7.28,8.80,32.11,3409.64
280.8,39.55,7.28,8.80,32.11,3407.17
281.1,39.20,5.14,8.80,32.11,3472.01
281.4,39.20,5.14,8.80,32.11,3539.97
281.7,39.20,5.14,8.80,32.11,3651.20
282,39.20,5.14,8.80,32.11,3666.53
282.3,39.20,5.14,8.80,32.11,3642.06
282.6,39.20,5.14,8.80,32.11,3568.28
282.9,39.20,3.00,8.80,32.11,3554.17
283.2,39.20,3.00,8.80,32.72,3561.01
283.5,39.20,3.00,8.80,32.72,3557.90
283.8,39.55,7.28,18.80,32.72,5428.00
284.1,39.20,13.70,19.20,32.72,6083.88
284.4,39.20,11.56,17.20,32.72,5857.10
284.7,39.20,9.42,18.40,32.72,6470.96
285,39.20,11.56,18.40,32.72,6561.26
285.3,39.20,11.56,18.40,32.72,6912.99
285.6,39.20,9.42,18.40,32.72,6516.49
285.9,39.20,7.28,19.60,32.72,6787.11
286.2,39.20,9.42,20.40,32.72,7637.72
286.5,39.20,11.56,21.60,32.72,7885.02
286.8,38.85,13.70,22.40,32.72,7973.48
287.1,38.85,13.70,22.40,32.72,8315.15
287.4,38.85,15.84,24.40,32.72,8240.05
287.7,38.85,13.70,22.40,32.72,7858.66
288,38.85,13.70,23.60,32.72,9598.73
288.3,39.20,13.70,22.40,32.72,9440.11
288.6,39.20,11.56,21.60,32.72,9454.71
288.9,38.85,11.56,21.60,32.72,9670.10
289.2,38.85,11.56,20.40,32.72,9131.27
289.5,38.85,11.56,21.60,32.72,9399.46
289.8,38.85,11.56,20.40,32.72,7946.53
290.1,38.85,11.56,21.60,32.72,8236.72
290.4,38.85,11.56,22.40,32.72,8190.36
290.7,38.85,11.56,23.60,32.72,8699.79
291,38.85,11.56,23.60,32.11,7352.90
291.3,38.85,11.56,18.40,32.11,8370.95
291.6,38.85,9.42,19.60,32.11,8668.94
291.9,38.85,9.42,20.40,32.11,9237.52
292.2,39.20,9.42,21.60,32.11,9060.88
292.5,39.20,11.56,23.60,32.11,7198.76
292.8,39.20,11.56,24.40,32.11,8557.29
293.1,39.20,11.56,24.40,32.11,8859.94
293.4,38.85,13.70,25.60,32.11,9278.19
293.7,38.85,13.70,25.60,32.11,8833.05
294,38.85,13.70,25.60,32.11,9462.03
294.3,38.85,13.70,23.60,32.72,9601.74
294.6,38.85,13.70,22.40,32.72,9463.49
294.9,38.85,13.70,22.40,32.72,9367.77
295.2,38.85,11.56,22.40,32.72,9641.12
295.5,38.85,11.56,21.60,32.72,9559.70
295.8,38.85,11.56,21.60,32.11,9844.53
296.1,38.85,11.56,22.40,32.11,10060.02
296.4,38.85,11.56,24.40,32.11,8261.21
296.7,38.85,13.70,24.80,31.50,9164.12
297,38.85,15.84,26.40,31.50,9008.80
297.3,38.85,15.84,26.80,31.50,9100.00
297.6,38.85,13.70,21.60,31.50,8840.71
297.9,38.85,11.56,19.20,32.11,8334.43
298.2,38.85,9.42,20.40,32.11,8848.39
298.5,38.85,11.56,21.60,32.11,9377.83
298.8,38.85,9.42,21.60,32.11,9405.25
299.1,38.85,9.42,23.60,32.11,9451.79
299.4,38.85,11.56,24.40,31.50,8262.33
299.7,38.85,13.70,25.60,31.50,10104.93
300,38.85,15.84,26.80,31.50,11087.37
300.3,38.50,15.84,27.60,31.50,10917.07
300.6,38.50,17.98,27.60,31.50,9191.68
300.9,38.50,20.12,20.40,31.50,9213.85
301.2,38.50,11.56,7.20,31.50,3998.21
301.5,38.50,5.14,8.00,31.50,3378.73
301.8,38.85,5.14,8.80,31.50,3444.42
302.1,38.85,5.14,8.80,31.50,3489.85
302.4,39.20,3.00,8.80,32.11,3522.23
302.7,39.20,3.00,8.80,32.11,3537.92
303,38.85,13.70,24.00,32.11,6715.52
303.3,38.85,22.26,24.40,32.11,6949.94
303.6,38.85,17.98,24.40,32.72,8929.83
303.9,38.85,15.84,24.00,32.72,9131.27
304.2,38.85,13.70,24.40,32.72,9120.37
304.5,38.85,11.56,24.40,32.72,8616.39
304.8,38.85,11.56,24.00,32.72,9881.13
305.1,38.85,11.56,24.00,32.72,10151.92
305.4,38.85,11.56,24.00,32.72,9158.63
305.7,38.85,13.70,24.40,32.72,8356.08
306,38.85,13.70,24.40,32.72,9071.64
306.3,38.85,13.70,24.40,32.72,9568.67
306.6,38.85,15.84,24.00,32.72,9451.79
306.9,38.85,13.70,24.40,32.72,9544.77
307.2,38.85,13.70,24.40,32.72,9622.91
307.5,38.85,13.70,24.40,32.72,9588.19
307.8,38.85,13.70,24.40,32.72,9553.72
308.1,38.85,13.70,24.40,32.72,9588.19
308.4,38.85,13.70,24.40,32.72,9762.77
308.7,38.85,11.56,24.40,32.72,9858.82
309,38.85,11.56,24.40,32.72,9951.92
309.3,38.85,13.70,24.40,32.11,9963.28
309.6,38.85,13.70,24.40,32.11,9951.92
309.9,38.85,13.70,24.40,32.11,9951.92
310.2,38.50,13.70,24.40,32.11,9977.91
310.5,38.50,13.70,24.40,32.11,9636.56
310.8,38.50,13.70,24.40,32.11,9747.20
311.1,38.50,13.70,24.40,32.11,9781.52
311.4,38.50,13.70,24.40,32.11,9753.42
311.7,38.85,13.70,24.40,31.50,9728.58
312,38.85,13.70,24.40,32.11,9682.35
312.3,38.85,13.70,24.40,32.11,9589.69
312.6,38.85,13.70,24.40,32.11,9492.89
312.9,38.85,13.70,24.40,32.11,9492.89
313.2,38.50,11.56,24.40,31.50,9492.89
313.5,38.50,13.70,24.40,31.50,9501.74
313.8,38.50,15.84,24.40,31.50,9503.22
314.1,38.85,11.56,16.80,31.50,7545.33
314.4,38.85,7.28,6.00,31.50,3462.37
314.7,38.85,7.28,9.20,30.90,3318.75
315,38.85,7.28,8.80,30.90,3411.93
315.3,39.20,7.28,8.80,30.29,3410.60
315.6,39.20,7.28,8.80,30.29,3387.35
315.9,39.20,5.14,8.80,30.29,3353.71
316.2,39.20,7.28,8.80,30.29,3430.70
316.5,39.20,5.14,8.80,30.29,3538.74
316.8,39.20,5.14,8.80,30.29,3590.08
317.1,39.20,7.28,8.80,30.29,3598.96
317.4,39.20,7.28,8.80,30.90,3591.77
317.7,39.20,7.28,8.80,30.90,3570.78
318,39.20,9.42,8.80,30.90,3541.82
318.3,39.20,9.42,8.80,30.90,3544.08
318.6,39.20,7.28,8.80,30.90,3550.87
318.9,39.20,7.28,8.80,30.90,3563.29
319.2,38.85,13.70,19.60,30.90,5993.20
319.5,38.85,15.84,22.40,30.90,6590.26
319.8,38.85,11.56,20.40,31.50,7363.53
320.1,38.85,13.70,21.60,31.50,7712.90
320.4,38.85,13.70,22.40,31.50,8437.98
320.7,38.85,13.70,21.60,30.90,8019.51
321,38.85,13.70,19.20,31.50,7513.79
321.3,38.85,13.70,22.40,31.50,8050.14
321.6,38.85,13.70,23.60,31.50,8129.36
321.9,38.85,17.98,22.40,31.50,7419.85
322.2,38.85,15.84,19.60,31.50,7910.53
322.5,38.85,11.56,19.60,31.50,8280.23
322.8,38.85,11.56,19.60,31.50,8547.71
323.1,38.85,11.56,20.40,31.50,9140.82
323.4,38.85,13.70,21.60,31.50,9662.46
323.7,38.85,13.70,22.40,31.50,7308.07
324,38.50,13.70,23.60,31.50,8825.40
324.3,38.50,15.84,23.60,31.50,8727.11
324.6,38.50,15.84,23.60,31.50,8886.99
324.9,38.50,15.84,25.60,31.50,8234.50
325.2,38.50,17.98,22.40,30.90,8603.05
325.5,38.50,13.70,23.60,30.90,9564.18
325.8,38.50,13.70,23.60,31.50,9711.58
326.1,38.50,15.84,23.60,31.50,9574.67
326.4,38.50,13.70,24.80,31.50,10027.02
326.7,38.50,11.56,23.60,31.50,9671.63
327,38.50,13.70,22.40,31.50,9783.08
327.3,38.50,13.70,24.40,31.50,10290.35
327.6,38.85,13.70,24.80,31.50,10446.88
327.9,38.85,15.84,23.60,31.50,9336.29
328.2,38.85,17.98,22.80,31.50,8010.05
328.5,38.85,17.98,22.40,31.50,9197.22
328.8,38.85,13.70,22.40,31.50,9801.91
329.1,38.85,13.70,22.80,31.50,9900.34
329.4,38.85,13.70,23.60,31.50,10209.57
329.7,38.85,13.70,23.60,31.50,10461.18
330,38.85,13.70,23.60,30.90,8478.94
330.3,38.85,15.84,25.60,30.90,9377.83
330.6,38.50,15.84,25.60,30.90,9197.22
330.9,38.50,17.98,23.60,30.90,8657.89
331.2,38.50,17.98,22.40,30.90,8635.87
331.5,38.50,13.70,20.40,30.90,8574.09
331.8,38.50,13.70,21.60,30.90,8914.20
332.1,38.50,11.56,23.60,30.90,9208.30
332.4,38.50,11.56,23.60,31.50,9481.11
332.7,38.50,13.70,24.40,31.50,9903.55
333,38.50,15.84,25.60,31.50,10204.46
333.3,38.50,13.70,23.60,30.90,9532.86
333.6,38.50,13.70,24.80,30.90,9479.64
333.9,38.50,13.70,26.40,30.90,9186.16
334.2,38.50,13.70,25.60,30.90,10126.69
334.5,38.50,17.98,26.80,30.90,10240.36
334.8,38.50,17.98,26.80,30.90,10230.07
335.1,38.50,15.84,24.40,30.90,9625.94
335.4,38.50,15.84,24.40,30.29,9722.39
335.7,38.50,13.70,24.40,30.29,9696.18
336,38.50,13.70,24.40,30.90,9495.84
336.3,38.50,13.70,23.60,30.90,9363.46
336.6,38.50,15.84,23.60,30.90,9491.41
336.9,38.50,13.70,22.40,30.29,9194.45
337.2,38.50,13.70,20.40,30.29,8520.31
337.5,38.50,13.70,20.40,30.29,8514.37
337.8,38.50,13.70,20.40,30.29,8668.94
338.1,38.85,11.56,21.60,29.68,9202.75
338.4,38.85,11.56,22.80,29.68,9852.46
338.7,38.50,13.70,23.60,30.29,10370.66
339,38.50,13.70,26.80,29.68,10068.31
339.3,38.50,15.84,26.80,29.68,8688.66
339.6,38.50,17.98,28.00,29.68,10511.56
339.9,38.50,17.98,27.60,30.29,11250.63
340.2,38.50,17.98,27.60,30.29,10767.08
340.5,38.50,20.12,27.60,30.29,9077.03
340.8,38.50,20.12,27.60,30.29,10342.59
341.1,38.50,17.98,26.80,30.29,10353.10
341.4,38.50,15.84,26.80,30.29,9895.53
341.7,38.50,15.84,25.60,30.29,10390.05
342,38.50,13.70,24.80,30.29,10030.31
342.3,38.50,13.70,24.40,30.29,10128.37
342.6,38.50,15.84,26.80,30.29,10761.39
342.9,38.50,13.70,25.60,30.29,11071.31
343.2,38.50,15.84,28.80,30.29,11474.51
343.5,38.50,17.98,28.80,29.68,10968.00
343.8,38.50,17.98,25.60,29.68,9047.47
344.1,38.50,17.98,24.40,29.68,9630.49
344.4,38.50,13.70,22.40,29.68,9171.00
344.7,38.50,13.70,24.80,29.68,9670.10
345,38.50,15.84,25.60,29.68,10522.41
345.3,38.50,15.84,26.80,29.68,10621.15
345.6,38.50,15.84,27.60,29.68,10621.15
345.9,38.15,17.98,29.60,29.68,11463.75
346.2,38.15,20.12,30.00,29.68,11063.29
346.5,38.15,20.12,29.60,29.68,10872.41
346.8,38.15,20.12,27.60,29.68,10471.94
347.1,38.15,17.98,27.60,29.68,10455.81
347.4,38.15,17.98,26.80,30.29,9973.03
347.7,38.50,15.84,25.60,29.68,9589.69
348,38.50,15.84,25.60,29.68,9852.46
348.3,38.50,17.98,26.80,29.68,10098.25
348.6,38.50,15.84,26.80,29.68,10862.75
348.9,38.50,13.70,24.40,29.68,10386.52
349.2,38.50,15.84,23.60,29.68,9447.40
349.5,38.50,15.84,23.60,29.07,9586.68
349.8,38.50,13.70,24.40,29.07,10031.95
350.1,38.50,13.70,24.40,29.68,10330.35
350.4,38.50,13.70,25.60,29.68,9979.54
350.7,38.50,15.84,26.80,29.68,9314.95
351,38.50,20.12,26.80,29.68,11603.02
351.3,38.50,20.12,30.00,29.68,9723.94
351.6,38.15,20.12,30.80,29.68,11444.43
351.9,38.15,20.12,30.80,29.68,12408.59
352.2,38.15,22.26,30.80,29.68,11057.29
352.5,38.15,22.26,28.80,29.68,10068.31
352.8,38.15,20.12,28.80,29.68,10506.13
353.1,38.50,17.98,28.80,29.68,10837.71
353.4,38.50,17.98,28.80,29.68,10818.53
353.7,38.50,20.12,28.80,29.68,10641.49
354,38.50,20.12,28.80,29.68,10577.04
354.3,38.50,20.12,29.60,29.68,10782.27
354.6,38.50,20.12,22.40,29.68,9425.55
354.9,38.50,11.56,6.00,29.68,3876.26
355.2,38.50,5.14,8.00,29.68,3363.12
355.5,38.85,5.14,8.80,29.68,3425.50
355.8,38.85,5.14,8.00,30.90,3316.05
356.1,38.85,5.14,8.80,31.50,3435.13
356.4,39.20,5.14,8.80,32.11,3468.85
356.7,39.20,5.14,8.80,32.11,3495.64
357,39.20,7.28,8.80,32.72,3521.21
357.3,39.20,7.28,8.80,32.72,3557.90
357.6,39.20,7.28,8.80,32.72,3553.55
357.9,39.20,5.14,8.80,32.72,3548.19
358.2,39.20,5.14,8.80,32.72,3552.11
358.5,39.20,5.14,9.20,32.72,3595.78
358.8,39.20,5.14,8.80,32.72,3564.12
359.1,39.20,5.14,8.80,32.72,3555.00
359.4,39.20,7.28,8.80,32.72,3536.69
359.7,39.20,5.14,8.80,32.72,3455.13
360,39.20,5.14,8.80,32.72,3431.66
360.3,39.20,7.28,8.80,32.72,3384.72
360.6,39.20,7.28,8.80,32.72,3452.40
360.9,39.20,7.28,8.80,32.72,3564.12
361.2,39.20,7.28,8.80,32.72,3551.90
361.5,39.20,5.14,9.20,32.72,3576.84
361.8,39.20,7.28,9.20,32.72,3606.60
362.1,39.20,7.28,8.80,32.72,3498.44
362.4,39.20,9.42,9.20,32.72,3518.17
362.7,39.20,7.28,8.80,32.72,3528.32
363,39.20,5.14,8.80,33.33,3597.26
363.3,39.20,5.14,8.80,33.33,3546.75
363.6,39.20,7.28,8.80,33.33,3551.70
363.9,39.20,7.28,8.80,32.72,3562.46
364.2,38.85,9.42,20.40,33.33,5908.05
364.5,38.85,11.56,20.40,33.33,6155.56
364.8,38.85,13.70,20.40,33.33,6874.12
365.1,38.85,13.70,20.40,33.33,7983.89
365.4,38.85,13.70,21.60,33.33,8097.06
365.7,38.85,13.70,21.60,33.33,8420.54
366,38.85,13.70,22.40,33.33,8646.87
366.3,38.85,15.84,21.60,33.33,8640.75
366.6,38.85,15.84,21.60,33.33,8649.31
366.9,38.85,13.70,21.60,33.33,9113.57
367.2,38.50,13.70,21.60,33.33,8984.96
367.5,38.50,11.56,22.40,33.33,9202.75
367.8,38.50,11.56,22.80,32.72,9180.64
368.1,38.50,13.70,22.80,32.72,9165.50
368.4,38.50,11.56,21.60,32.72,8905.11
368.7,38.50,11.56,21.60,32.72,8551.30
369,38.85,13.70,20.40,32.11,8768.43
369.3,38.85,13.70,20.40,32.72,8890.86
369.6,38.85,13.70,20.40,32.72,9119.01
369.9,38.85,13.70,21.60,32.11,9531.37
370.2,38.50,13.70,24.40,32.11,9526.92
370.5,38.50,13.70,22.40,32.11,9940.59
370.8,38.50,13.70,25.60,32.11,10693.61
371.1,38.50,15.84,23.60,32.11,10051.75
371.4,38.50,15.84,23.60,32.11,10314.66
371.7,38.50,13.70,23.60,32.11,9078.37
372,38.50,13.70,23.60,31.50,9753.42
372.3,38.50,13.70,25.60,31.50,10201.05
372.6,38.50,13.70,24.40,31.50,9838.19
372.9,38.50,15.84,24.40,32.11,10114.96
373.2,38.50,15.84,23.60,32.11,9462.03
373.5,38.50,15.84,23.60,32.11,9491.41
373.8,38.50,13.70,22.40,31.50,9123.09
374.1,38.50,13.70,20.40,31.50,8586.13
374.4,38.50,13.70,19.60,31.50,8320.81
374.7,38.50,11.56,19.60,32.11,8345.81
375,38.50,11.56,20.40,32.11,8670.17
375.3,38.50,11.56,21.60,32.11,8863.79
375.6,38.50,11.56,22.40,32.11,8956.00
375.9,38.50,13.70,23.60,31.50,9283.82
376.2,38.50,13.70,24.40,31.50,9307.86
376.5,38.50,15.84,24.80,30.90,9390.80
376.8,38.50,20.12,25.60,30.90,9753.42
377.1,38.50,17.98,24.40,30.90,9667.04
377.4,38.50,15.84,25.60,31.50,9897.13
377.7,38.50,15.84,24.40,31.50,9736.33
378,38.50,15.84,25.60,31.50,9731.68
378.3,38.50,17.98,24.40,31.50,9619.88
378.6,38.50,17.98,25.60,31.50,9932.51
378.9,38.50,17.98,25.60,31.50,9710.04
379.2,38.50,17.98,25.60,30.90,9873.15
379.5,38.50,15.84,24.40,30.90,9540.30
379.8,38.50,15.84,24.40,30.90,9479.64
380.1,38.50,13.70,20.40,30.90,8512.00
380.4,38.50,13.70,19.60,30.90,8207.96
380.7,38.50,11.56,19.60,30.90,8123.96
381,38.50,11.56,19.20,30.90,8224.53
381.3,38.50,11.56,19.60,30.90,8253.40
381.6,38.50,9.42,19.60,30.90,8260.09
381.9,38.50,11.56,18.40,30.29,8059.69
382.2,38.50,11.56,19.60,30.29,8263.44
382.5,38.50,11.56,19.60,30.29,8257.86
382.8,38.50,11.56,19.60,30.29,8338.98
383.1,38.50,11.56,19.60,30.29,8362.94
383.4,38.50,13.70,19.60,30.29,8411.27
383.7,38.50,13.70,19.60,30.29,8414.74
384,38.50,13.70,20.40,30.29,8532.20
384.3,38.50,13.70,21.60,30.29,8948.13
384.6,38.50,13.70,21.60,30.29,8924.62
384.9,38.50,13.70,22.80,30.29,9165.50
385.2,38.50,15.84,22.80,30.29,9169.62
385.5,38.50,15.84,25.60,30.29,9559.70
385.8,38.50,15.84,24.40,30.29,9506.17
386.1,38.50,15.84,25.60,30.29,9262.72
386.4,38.50,17.98,26.80,30.29,10066.65
386.7,38.50,15.84,26.40,29.68,10264.43
387,38.50,17.98,24.40,29.68,9940.59
387.3,38.15,17.98,26.80,29.68,10187.45
387.6,38.15,15.84,25.60,30.29,9905.15
387.9,38.15,17.98,26.80,30.29,10173.88
388.2,38.15,17.98,26.80,30.29,9969.78
388.5,38.15,17.98,26.80,29.68,10017.16
388.8,38.15,17.98,26.80,29.68,10018.80
389.1,38.15,17.98,26.80,29.68,9966.52
389.4,38.15,17.98,26.80,29.68,9934.13
389.7,38.15,17.98,26.80,29.68,9789.35
390,38.15,15.84,24.40,29.68,9071.64
390.3,38.15,15.84,23.60,30.29,8840.71
390.6,38.15,13.70,25.60,29.68,9286.64
390.9,38.50,13.70,22.80,29.68,8739.59
391.2,38.50,13.70,22.40,29.68,8710.94
391.5,38.50,15.84,23.60,29.68,9082.42
391.8,38.50,15.84,23.60,29.68,9255.71
392.1,38.50,15.84,24.40,29.07,9576.17
392.4,38.50,13.70,24.40,29.07,9600.23
392.7,38.50,11.56,25.60,29.07,9927.67
393,38.50,13.70,22.40,29.07,9157.26
393.3,38.50,13.70,21.60,29.07,8725.87
393.6,38.50,13.70,20.40,29.07,8825.40
393.9,38.50,13.70,21.60,29.07,8954.69
394.2,38.50,13.70,21.60,29.07,8687.42
394.5,38.50,13.70,21.60,29.07,8689.89
394.8,38.50,13.70,21.60,29.07,8382.43
395.1,38.50,11.56,21.60,29.07,8392.79
395.4,38.50,13.70,21.60,29.07,8353.79
395.7,38.50,15.84,22.40,29.07,8491.90
396,38.50,15.84,22.40,29.07,8539.35
396.3,38.50,15.84,24.80,29.07,9142.19
396.6,38.50,15.84,25.60,29.07,9784.65
396.9,38.50,15.84,26.80,29.07,9986.06
397.2,38.50,15.84,27.60,29.07,9956.78
397.5,38.50,15.84,27.60,28.46,9950.30
397.8,38.50,15.84,22.40,29.07,8988.93
398.1,38.50,13.70,22.40,29.07,8936.36
398.4,38.50,13.70,23.60,29.07,9050.15
398.7,38.50,13.70,24.40,29.07,8885.69
399,38.50,13.70,24.40,29.07,8884.40
399.3,38.15,17.98,25.60,29.07,9586.68
399.6,38.15,17.98,27.60,29.07,10113.29
399.9,38.15,17.98,26.80,29.07,10046.79
400.2,38.15,15.84,25.60,29.07,9663.98
400.5,38.15,17.98,24.40,29.07,9435.74
400.8,38.15,17.98,22.40,29.07,9213.85
401.1,38.15,9.42,6.00,29.07,3970.43
401.4,38.50,7.28,20.80,30.29,5819.74
401.7,38.50,13.70,20.40,31.50,6004.39
402,38.50,17.98,20.40,32.11,6182.96
402.3,38.85,13.70,20.40,32.72,7438.81
402.6,38.85,13.70,20.40,32.72,7279.35
402.9,38.85,13.70,20.80,32.72,7449.69
403.2,38.50,15.84,20.80,32.72,7402.77
403.5,38.50,15.84,20.40,32.72,7693.48
403.8,38.50,13.70,20.40,32.72,7467.89
404.1,38.50,13.70,20.40,32.72,6854.08
404.4,38.50,13.70,20.40,32.72,7517.49
404.7,38.50,11.56,20.40,32.72,7965.17
405,38.50,11.56,20.40,32.72,7963.09
405.3,38.50,11.56,20.40,32.72,8552.50
405.6,38.50,11.56,20.40,32.72,8451.98
405.9,38.50,13.70,20.40,32.72,8648.09
406.2,38.50,13.70,20.00,32.72,8548.91
406.5,38.50,13.70,20.00,32.72,8516.75
406.8,38.50,13.70,20.00,32.72,8508.45
407.1,38.50,11.56,16.40,32.72,7469.72
407.4,38.50,9.42,16.40,32.72,7446.97
407.7,38.50,9.42,16.00,32.11,7436.09
408,38.85,9.42,11.60,32.11,6035.22
408.3,38.85,7.28,8.80,32.11,4891.54
408.6,38.85,5.14,8.80,32.11,4627.50
408.9,38.85,5.14,8.80,32.11,4006.08
409.2,38.85,5.14,8.80,32.11,3720.54
409.5,38.85,7.28,8.80,32.11,3603.41
409.8,38.85,7.28,8.80,32.11,3563.29
410.1,38.85,7.28,8.80,31.50,3566.41
410.4,38.85,7.28,8.80,31.50,3572.45
410.7,38.85,7.28,8.80,31.50,3574.33
411,38.85,7.28,8.80,31.50,3570.16
411.3,38.85,7.28,8.80,31.50,3620.70
411.6,38.85,7.28,8.80,31.50,3653.16
411.9,38.85,3.00,6.00,32.11,2586.08
412.2,38.85,3.00,6.00,32.11,2633.55
412.5,38.85,3.00,6.00,32.72,2666.87
412.8,38.85,3.00,6.00,32.72,2685.50
413.1,38.85,5.14,6.00,32.72,2674.22
413.4,38.85,9.42,20.80,32.72,6129.02
413.7,38.85,13.70,22.40,32.72,6702.27
414,38.50,15.84,21.60,33.33,7687.67
414.3,38.50,13.70,22.40,33.33,8484.83
414.6,38.50,9.42,22.80,33.33,8637.09
414.9,38.50,11.56,22.40,33.33,9047.47
415.2,38.50,11.56,22.40,33.33,9231.94
415.5,38.50,11.56,22.40,33.33,9091.88
415.8,38.50,11.56,21.60,33.33,8836.88
416.1,38.50,9.42,21.60,33.33,8952.06
416.4,38.50,9.42,21.60,33.33,8899.93
416.7,38.50,11.56,21.60,33.33,9215.24
417,38.50,11.56,21.60,33.33,9379.27
417.3,38.50,13.70,23.60,33.33,9547.75
417.6,38.50,11.56,23.60,33.33,9667.04
417.9,38.50,11.56,23.60,33.33,9784.65
418.2,38.50,13.70,23.60,33.33,9786.21
418.5,38.50,13.70,23.60,32.72,10000.77
418.8,38.50,13.70,23.60,32.72,10045.14
419.1,38.50,11.56,22.40,32.72,9750.31
419.4,38.50,11.56,23.60,32.72,9722.39
419.7,38.50,15.84,23.60,32.72,9349.14
420,38.50,13.70,22.40,32.72,9244.51
420.3,38.50,11.56,20.40,32.72,8513.19
420.6,38.50,9.42,18.40,32.72,8167.38
420.9,38.50,9.42,19.60,32.72,8299.35
421.2,38.50,9.42,19.60,32.72,8474.24
421.5,38.50,9.42,19.60,32.72,8426.34
421.8,38.50,11.56,20.40,32.72,8664.02
422.1,38.50,11.56,21.60,32.11,8845.83
422.4,38.50,11.56,22.40,32.11,9229.16
422.7,38.50,11.56,23.60,32.11,9568.67
423,38.50,11.56,24.40,32.11,9571.67
423.3,38.50,11.56,24.40,32.11,9522.46
423.6,38.50,13.70,25.60,32.11,9385.03
423.9,38.15,13.70,24.40,32.11,8693.60
424.2,38.15,13.70,23.60,32.11,8806.32
424.5,38.15,13.70,24.40,32.11,9236.13
424.8,38.15,11.56,24.40,32.11,9389.35
425.1,38.15,11.56,24.40,32.11,9390.80
425.4,38.15,13.70,24.40,32.11,9627.45
425.7,38.15,13.70,24.80,32.11,9606.27
426,38.15,15.84,24.40,32.11,9619.88
426.3,38.15,13.70,24.40,31.50,9583.68
426.6,38.15,11.56,20.40,31.50,8697.31
426.9,38.50,9.42,20.40,31.50,8367.51
427.2,38.50,11.56,19.60,31.50,8220.10
427.5,38.50,11.56,19.60,31.50,8271.27
427.8,38.50,11.56,18.40,31.50,8145.61
428.1,38.50,9.42,19.60,31.50,8378.98
428.4,38.15,9.42,21.60,31.50,8839.44
428.7,38.15,11.56,20.40,31.50,8582.52
429,38.15,11.56,21.60,31.50,8844.55
429.3,38.15,11.56,22.40,31.50,8849.67
429.6,38.15,9.42,21.60,30.90,8810.13
429.9,38.15,9.42,23.60,30.90,9555.21
430.2,38.15,11.56,23.60,30.90,9303.61
430.5,38.15,13.70,24.80,30.90,9040.78
430.8,38.15,11.56,25.60,30.90,9197.22
431.1,38.15,13.70,25.60,30.90,9507.65
431.4,38.15,15.84,26.80,30.90,10184.05
431.7,38.15,13.70,26.80,30.90,10207.86
432,38.15,13.70,25.60,30.90,9960.03
432.3,38.15,13.70,26.80,30.90,10050.10
432.6,38.15,13.70,26.80,30.90,9854.05
432.9,38.15,13.70,26.80,30.90,10123.33
433.2,38.15,13.70,25.60,30.90,9756.54
433.5,38.15,13.70,26.80,30.90,9809.77
433.8,38.15,13.70,24.40,30.29,9360.60
434.1,38.15,13.70,23.60,30.29,9064.91
434.4,38.15,11.56,23.60,30.29,9211.08
434.7,38.15,11.56,22.80,30.29,9086.47
435,38.15,9.42,22.80,30.29,9090.53
435.3,38.15,11.56,22.40,30.29,9070.29
435.6,38.15,11.56,23.60,30.29,9537.32
435.9,38.15,11.56,23.60,30.29,9528.40
436.2,38.15,11.56,22.80,30.29,9261.32
436.5,38.15,11.56,23.60,29.68,9571.67
436.8,38.15,9.42,23.60,29.68,9583.68
437.1,38.15,9.42,23.60,29.68,9476.70
437.4,38.15,11.56,23.60,29.68,9595.71
437.7,38.15,11.56,23.60,29.07,9662.46
438,38.15,11.56,23.60,29.68,9615.34
438.3,38.15,11.56,23.60,29.68,9679.29
438.6,38.15,11.56,19.20,29.68,8831.77
438.9,38.50,11.56,20.40,29.68,8831.77
439.2,38.50,11.56,21.60,29.68,8991.57
439.5,38.50,9.42,21.60,29.68,8667.71
439.8,38.50,9.42,21.60,29.68,8820.30
440.1,38.15,9.42,22.40,29.68,9066.26
440.4,38.15,11.56,21.60,29.68,8835.60
440.7,38.15,13.70,23.60,30.29,9238.92
441,38.15,13.70,23.60,29.68,9125.81
441.3,38.15,11.56,22.80,29.68,9066.26
441.6,38.50,13.70,23.60,29.68,9412.49
441.9,38.50,13.70,24.40,29.68,9451.79
442.2,38.15,13.70,24.40,29.68,9568.67
442.5,38.15,13.70,25.60,29.68,9961.65
442.8,38.15,15.84,26.80,29.68,9942.21
443.1,38.15,15.84,27.60,29.68,10279.97
443.4,38.15,13.70,22.80,29.68,9158.63
443.7,38.15,11.56,22.40,29.68,9062.22
444,38.15,11.56,24.80,29.68,9337.72
444.3,38.15,11.56,23.60,29.68,9297.95
444.6,38.15,13.70,23.60,29.68,9265.53
444.9,38.50,13.70,23.60,29.68,9357.73
445.2,38.15,13.70,24.80,29.68,9642.64
445.5,38.15,15.84,26.80,29.68,9833.45
445.8,38.15,15.84,26.80,29.68,10150.23
446.1,38.15,15.84,28.80,29.68,10427.28
446.4,38.15,15.84,27.60,29.68,10260.99
446.7,38.15,13.70,24.40,29.68,9585.18
447,38.15,11.56,23.60,29.68,9292.29
447.3,38.15,11.56,22.80,29.07,9131.27
447.6,38.15,11.56,20.40,29.07,9023.43
447.9,38.15,11.56,19.20,29.07,8654.21
448.2,38.15,9.42,6.40,29.68,3630.81
448.5,38.50,5.14,17.60,30.29,5187.09
448.8,38.50,5.14,16.40,31.50,5135.67
449.1,38.50,7.28,16.40,32.11,5216.31
449.4,38.50,9.42,16.40,32.11,5477.12
449.7,38.50,9.42,16.40,32.11,5638.29
450,38.50,9.42,16.40,32.11,5812.54
450.3,38.50,9.42,16.40,32.11,5403.53
450.6,38.50,5.14,16.40,32.72,5309.19
450.9,38.50,7.28,16.40,32.72,6675.19
451.2,38.50,7.28,16.40,32.72,5982.06
451.5,38.50,5.14,16.40,32.72,5744.80
451.8,38.50,7.28,16.40,32.72,5657.07
452.1,38.50,9.42,16.40,32.72,5419.34
452.4,38.50,7.28,16.40,32.72,5483.51
452.7,38.50,7.28,16.40,32.72,6470.28
453,38.50,7.28,16.40,32.72,6832.63
453.3,38.50,7.28,16.40,32.72,5562.86
453.6,38.50,7.28,16.40,32.72,5417.90
453.9,38.50,11.56,16.40,32.72,5425.11
454.2,38.50,11.56,16.40,32.72,5450.75
454.5,38.50,9.42,16.40,32.72,6778.08
454.8,38.50,9.42,16.40,32.72,7143.24
455.1,38.50,7.28,16.40,32.72,6830.34
455.4,38.50,7.28,16.40,32.72,5583.18
455.7,38.50,9.42,16.40,32.72,5805.37
456,38.50,9.42,16.40,32.72,6667.91
456.3,38.50,7.28,16.40,32.72,6969.75
456.6,38.50,7.28,16.40,32.72,7023.40
456.9,38.50,7.28,16.40,32.72,6961.02
457.2,38.50,9.42,16.40,32.72,6796.92
457.5,38.50,11.56,16.40,32.72,5966.88
457.8,38.50,9.42,16.40,32.72,5111.19
458.1,38.50,9.42,16.40,32.72,5574.02
458.4,38.50,9.42,16.40,32.72,5484.99
458.7,38.50,7.28,16.40,32.72,5509.71
459,38.50,7.28,16.40,32.72,5431.86
459.3,38.50,9.42,16.40,32.72,5893.24
459.6,38.50,7.28,16.40,32.72,5371.24
459.9,38.50,7.28,16.40,32.72,5402.09
460.2,38.50,9.42,16.40,33.33,5770.84
460.5,38.50,9.42,16.40,33.33,6633.89
460.8,38.50,9.42,16.40,33.33,6931.81
461.1,38.50,9.42,16.40,33.33,7049.32
461.4,38.50,9.42,16.40,33.33,6933.38
461.7,38.50,9.42,16.40,33.33,6831.10
462,38.50,7.28,16.40,33.33,6686.14
462.3,38.50,7.28,16.40,33.33,6773.57
462.6,38.50,9.42,16.40,33.33,5956.99
462.9,38.50,11.56,16.40,32.72,5815.86
463.2,38.50,9.42,16.40,32.72,5369.82
463.5,38.50,7.28,16.40,33.33,5416.94
463.8,38.50,7.28,16.40,33.33,5408.31
464.1,38.50,7.28,16.40,33.33,5389.23
464.4,38.50,7.28,16.40,33.33,5402.09
464.7,38.50,9.42,16.40,33.33,5354.77
465,38.50,11.56,16.40,33.33,5386.38
465.3,38.50,11.56,16.40,33.33,5393.51
465.6,38.50,7.28,16.40,33.33,5415.02
465.9,38.50,7.28,16.40,33.33,5520.66
466.2,38.50,9.42,16.40,33.94,5433.79
466.5,38.50,9.42,16.40,33.94,5594.43
466.8,38.50,7.28,16.40,33.94,5875.68
467.1,38.50,7.28,16.40,33.94,5862.72
467.4,38.50,11.56,16.40,33.94,7207.25
467.7,38.50,9.42,16.40,33.94,7684.77
468,38.50,7.28,16.40,33.94,7897.25
468.3,38.50,7.28,16.40,33.94,6164.87
468.6,38.50,7.28,16.40,33.94,5073.43
468.9,38.50,9.42,16.40,33.94,6261.49
469.2,38.50,9.42,16.40,33.94,5056.22
469.5,38.50,9.42,16.40,33.94,5727.04
469.8,38.50,9.42,16.40,33.94,5962.22
470.1,38.50,9.42,15.20,33.94,5127.91
470.4,38.50,7.28,14.40,33.94,4443.82
470.7,38.50,5.14,20.40,34.54,5708.32
471,38.50,9.42,24.40,34.54,6736.99
471.3,38.50,15.84,28.80,34.54,8023.72
471.6,38.50,20.12,36.00,34.54,11653.90
471.9,38.15,22.26,36.00,34.54,13562.17
472.2,38.15,20.12,36.00,35.15,12649.98
472.5,38.15,22.26,35.60,35.15,12239.63
472.8,37.80,22.26,36.00,35.15,12623.85
473.1,37.80,20.12,36.00,35.15,12022.95
473.4,37.80,22.26,36.00,35.15,11940.75
473.7,37.80,22.26,36.00,35.15,11933.75
474,37.80,22.26,36.00,35.15,11667.24
474.3,37.80,22.26,36.00,35.15,11592.01
474.6,37.80,22.26,36.00,34.54,11474.51
474.9,37.80,22.26,36.00,34.54,11442.29
475.2,37.80,22.26,36.00,34.54,11156.18
475.5,37.80,24.40,36.00,34.54,10386.52
475.8,37.80,26.54,36.00,33.94,9236.13
476.1,37.80,26.54,36.00,33.94,10402.43
476.4,37.80,24.40,36.00,33.33,10551.47
476.7,37.80,24.40,36.00,33.33,10643.34
477,37.80,22.26,36.00,32.72,13046.89
477.3,37.80,22.26,36.00,32.72,12464.25
477.6,37.80,20.12,36.00,32.72,12161.70
477.9,37.80,20.12,36.00,32.72,12004.06
478.2,37.80,22.26,36.00,32.11,11770.59
478.5,37.80,22.26,36.00,32.11,11822.96
478.8,37.80,22.26,36.00,32.11,11535.14
479.1,37.80,24.40,36.00,32.11,11476.66
479.4,37.80,22.26,36.00,32.11,11388.99
479.7,37.80,22.26,36.00,32.11,11374.15
480,37.80,24.40,36.00,32.11,11217.60
480.3,37.80,24.40,36.00,32.11,11135.85
480.6,37.45,24.40,36.00,31.50,11317.29
480.9,37.45,24.40,36.00,31.50,11336.18
481.2,37.45,22.26,36.00,31.50,11384.74
481.5,37.45,22.26,36.00,30.90,11374.15
481.8,37.45,22.26,36.00,30.90,11376.27
482.1,37.45,22.26,36.00,30.90,11315.20
482.4,37.45,24.40,36.00,30.90,11279.70
482.7,37.45,24.40,36.00,30.90,11240.29
483,37.45,22.26,36.00,30.29,11105.50
483.3,37.80,22.26,36.00,30.29,11248.56
483.6,37.45,22.26,36.00,30.29,11201.15
483.9,37.45,22.26,36.00,30.29,11269.30
484.2,37.45,24.40,36.00,30.29,11342.49
484.5,37.45,22.26,36.00,30.29,11480.97
484.8,37.45,20.12,36.00,30.29,11662.79
485.1,37.45,20.12,36.00,29.68,11680.62
485.4,37.80,20.12,36.00,29.68,12008.78
485.7,37.45,22.26,36.00,29.68,12103.90
486,37.45,22.26,36.00,29.07,12548.70
486.3,37.45,22.26,36.00,29.07,12528.12
486.6,37.45,22.26,36.00,29.07,13097.21
486.9,37.45,22.26,36.00,29.07,13216.15
487.2,37.45,22.26,36.00,29.68,13066.42
487.5,37.45,22.26,36.00,29.68,12152.03
487.8,37.80,22.26,36.00,29.68,12001.71
488.1,37.80,24.40,36.00,29.68,12022.95
488.4,37.45,22.26,35.60,29.68,11857.36
488.7,37.45,22.26,36.00,29.68,11689.56
489,37.45,24.40,36.00,29.68,11440.14
489.3,37.45,22.26,36.00,29.68,11438.00
489.6,37.45,22.26,36.40,29.68,11546.03
489.9,37.45,24.40,36.00,29.68,11374.15
490.2,37.45,22.26,36.00,29.68,11438.00
490.5,37.45,22.26,36.00,29.07,11576.65
490.8,37.45,22.26,36.00,29.07,11603.02
491.1,37.45,22.26,36.00,29.68,11685.09
491.4,37.45,22.26,36.00,29.68,11866.57
491.7,37.45,22.26,36.00,29.68,12099.11
492,37.45,24.40,36.00,29.68,12323.53
492.3,37.45,24.40,36.00,29.68,12348.42
492.6,37.45,20.12,36.00,29.68,12579.69
492.9,37.45,20.12,36.00,29.68,12747.59
493.2,37.45,20.12,36.00,29.68,13139.44
493.5,37.45,20.12,36.00,29.68,12629.07
493.8,37.45,22.26,36.00,29.68,13038.54
494.1,37.45,22.26,36.00,29.68,12707.84
494.4,37.45,22.26,36.00,29.07,13299.54
494.7,37.80,22.26,36.00,29.68,12441.42
495,37.45,22.26,36.00,29.68,11121.67
495.3,37.45,22.26,36.00,29.68,11933.75
495.6,37.45,20.12,36.00,29.07,11662.79
495.9,37.45,20.12,36.00,29.07,11716.45
496.2,37.45,22.26,36.00,29.07,11438.00
496.5,37.45,22.26,36.00,29.68,11414.51
496.8,37.45,22.26,36.00,29.68,11369.92
497.1,37.45,22.26,36.00,29.68,11254.78
497.4,37.45,24.40,36.00,29.68,11109.54
497.7,37.45,26.54,36.00,29.68,11067.30
498,37.45,24.40,36.00,29.68,11160.25
498.3,37.45,24.40,36.00,29.68,11172.49
498.6,37.45,20.12,36.00,29.68,11225.84
498.9,37.45,20.12,36.00,29.07,11336.18
499.2,37.45,22.26,36.00,29.07,11374.15
499.5,37.45,22.26,36.00,29.07,11502.58
499.8,37.45,22.26,36.00,29.07,11611.83
500.1,37.45,22.26,36.00,28.46,12025.32
500.4,37.45,20.12,36.00,28.46,12418.67
500.7,37.45,20.12,36.00,28.46,12271.57
501,37.45,22.26,36.00,28.46,12497.38
501.3,37.45,20.12,36.00,28.46,12281.43
501.6,37.45,20.12,36.00,28.46,11797.86
501.9,37.45,20.12,36.00,28.46,13210.44
502.2,37.45,22.26,36.00,28.46,11651.68
502.5,37.45,22.26,36.00,28.46,12032.42
502.8,37.45,22.26,36.00,28.46,11896.59
503.1,37.45,22.26,36.00,28.46,11603.02
503.4,37.45,22.26,36.00,29.07,11427.31
503.7,37.45,22.26,36.00,29.07,11528.61
504,37.45,24.40,36.00,29.07,11455.15
504.3,37.45,24.40,36.00,29.07,11420.91
504.6,37.45,24.40,36.00,29.07,11365.69
504.9,37.45,22.26,36.00,29.07,11380.50
505.2,37.45,20.12,36.00,29.07,11480.97
505.5,37.45,24.40,36.00,29.07,11578.84
505.8,37.45,24.40,36.00,29.07,11485.29
506.1,37.45,24.40,36.00,29.07,11506.91
506.4,37.45,24.40,36.00,29.07,11550.40
506.7,37.45,20.12,36.00,29.07,11465.90
507,37.45,22.26,36.00,29.07,11408.12
507.3,37.45,22.26,36.00,29.07,11388.99
507.6,37.45,22.26,36.00,29.07,11380.50
507.9,37.45,22.26,36.00,29.07,11380.50
508.2,37.45,20.12,36.00,29.07,11511.24
508.5,37.45,20.12,36.00,29.07,11472.35
508.8,37.45,22.26,36.00,29.07,11483.13
509.1,37.45,24.40,36.00,29.07,11620.66
509.4,37.45,22.26,36.00,29.07,11682.85
509.7,37.45,22.26,36.00,29.07,11818.39
510,37.45,22.26,36.00,29.07,11822.96
510.3,37.45,22.26,36.00,29.07,11809.25
510.6,37.45,22.26,36.00,29.07,11784.21
510.9,37.45,22.26,36.00,28.46,11832.11
511.2,37.45,22.26,36.00,28.46,11903.54
511.5,37.45,22.26,36.00,29.07,11957.10
511.8,37.45,22.26,36.00,29.07,11743.46
512.1,37.45,22.26,36.00,29.07,11694.03
512.4,37.45,22.26,36.00,29.07,11468.05
512.7,37.10,22.26,36.00,29.07,11399.61
513,37.10,20.12,36.00,29.07,11369.92
513.3,37.10,22.26,36.00,29.07,11321.48
513.6,37.10,22.26,36.00,28.46,11180.67
513.9,37.10,22.26,36.00,29.07,11195.00
514.2,37.45,24.40,36.00,29.07,11219.66
514.5,37.45,24.40,36.00,29.07,11083.35
514.8,37.45,22.26,36.00,29.07,11105.50
515.1,37.45,24.40,36.00,29.07,11089.39
515.4,37.45,24.40,36.00,29.07,11182.71
515.7,37.45,22.26,36.00,29.07,11154.14
516,37.45,24.40,36.00,28.46,11115.60
516.3,37.45,22.26,36.00,28.46,11135.85
516.6,37.45,22.26,36.00,28.46,11099.45
516.9,37.45,24.40,36.00,28.46,11143.97
517.2,37.10,22.26,36.00,28.46,11111.56
517.5,37.10,22.26,36.00,28.46,11099.45
517.8,37.10,22.26,36.00,28.46,11156.18
518.1,37.10,22.26,36.00,28.46,11053.29
518.4,37.10,24.40,36.00,28.46,11125.72
518.7,37.10,24.40,36.00,28.46,11075.32
519,37.10,24.40,36.00,28.46,11021.40
519.3,37.10,22.26,36.00,28.46,11047.30
519.6,37.10,22.26,36.00,28.46,11049.29
519.9,37.10,24.40,36.00,27.86,11176.58
520.2,37.10,26.54,36.00,27.86,11067.30
520.5,37.10,22.26,36.00,27.86,11071.31
520.8,37.10,20.12,36.00,27.86,11059.29
521.1,37.10,20.12,36.00,27.86,11081.34
521.4,37.10,24.40,36.00,27.86,11281.78
521.7,37.10,26.54,36.00,27.86,11365.69
522,37.10,24.40,36.00,27.86,11656.12
522.3,37.10,22.26,36.00,27.86,11896.59
522.6,37.10,22.26,36.00,27.86,12173.81
522.9,37.10,22.26,36.00,27.86,12108.70
523.2,37.45,22.26,36.00,27.86,12049.02
523.5,37.10,24.40,36.00,27.86,11915.14
523.8,37.10,24.40,36.00,27.86,11882.72
524.1,37.10,22.26,36.00,27.86,11820.67
524.4,37.10,22.26,36.00,27.86,11640.58
524.7,37.10,22.26,36.00,27.86,11563.51
525,37.45,22.26,36.00,27.86,11572.26
525.3,37.45,24.40,36.00,28.46,11127.74
525.6,37.45,24.40,36.00,28.46,11164.33
525.9,37.10,22.26,36.00,28.46,11087.37
526.2,37.10,24.40,36.00,27.86,11178.62
526.5,37.10,22.26,36.00,27.86,11156.18
526.8,37.10,22.26,36.00,27.86,11143.97
527.1,37.10,24.40,36.00,28.46,11105.50
527.4,37.45,22.26,36.00,28.46,11232.03
527.7,37.45,20.12,36.00,28.46,11043.30
528,37.45,20.12,36.00,28.46,11075.32
528.3,37.45,20.12,36.00,28.46,11221.72
528.6,37.45,20.12,36.00,28.46,11308.92
528.9,37.45,22.26,36.00,28.46,11273.46
529.2,37.45,22.26,36.00,28.46,11306.82
529.5,37.45,22.26,36.00,28.46,11317.29
529.8,37.10,22.26,36.00,28.46,11378.39
530.1,37.10,24.40,36.00,28.46,11376.27
530.4,37.10,22.26,36.00,28.46,11485.29
530.7,37.10,20.12,36.00,27.86,11461.60
531,37.10,22.26,36.00,28.46,11734.44
531.3,37.10,22.26,36.00,28.46,11945.42
531.6,37.10,20.12,36.00,28.46,12296.26
531.9,37.45,20.12,36.00,28.46,12731.66
532.2,37.45,20.12,36.00,28.46,12592.64
532.5,37.45,17.98,36.00,28.46,12385.96
532.8,37.10,20.12,36.00,28.46,12205.41
533.1,37.10,22.26,36.00,28.46,12600.43
533.4,37.10,20.12,36.00,28.46,12431.30
533.7,37.10,20.12,36.00,28.46,12715.77
534,37.10,22.26,36.00,28.46,12559.01
534.3,37.10,22.26,36.00,28.46,12678.84
534.6,37.10,20.12,36.00,28.46,12330.99
534.9,37.10,22.26,36.00,29.07,11896.59
535.2,37.10,22.26,36.00,29.07,11725.44
535.5,37.10,20.12,36.00,29.07,11813.82
535.8,37.10,20.12,36.00,29.07,11836.70
536.1,37.10,20.12,36.00,29.07,11687.32
536.4,37.10,22.26,36.00,29.07,11539.49
536.7,37.10,22.26,36.00,29.07,11405.99
537,37.10,22.26,36.00,29.07,11363.58
537.3,37.10,22.26,36.00,29.07,11017.43
537.6,37.10,20.12,36.00,29.07,10960.14
537.9,37.10,22.26,36.00,29.07,11166.37
538.2,37.10,22.26,36.00,29.07,11107.52
538.5,37.10,22.26,36.00,29.07,11109.54
538.8,37.10,22.26,36.00,29.07,11129.77
539.1,37.10,20.12,36.00,28.46,11097.44
539.4,37.10,22.26,36.00,28.46,11119.65
539.7,37.10,24.40,36.00,28.46,11095.42
540,37.10,22.26,36.00,28.46,11141.94
540.3,37.10,22.26,36.00,28.46,11013.46
540.6,37.10,22.26,36.00,28.46,11121.67
540.9,37.10,24.40,36.00,28.46,11532.96
541.2,37.10,22.26,36.00,28.46,11901.23
541.5,37.10,20.12,36.00,28.46,12269.11
541.8,37.10,22.26,36.00,28.46,12398.52
542.1,37.10,22.26,36.00,28.46,12564.17
542.4,37.10,20.12,36.00,28.46,12449.02
542.7,37.10,20.12,36.00,28.46,12787.59
543,37.10,20.12,36.00,28.46,12474.43
543.3,37.10,20.12,36.00,27.86,12178.66
543.6,37.10,22.26,36.00,27.86,12004.06
543.9,37.10,22.26,36.00,28.46,12018.23
544.2,37.10,22.26,36.00,28.46,11880.41
544.5,37.10,22.26,36.00,28.46,11636.15
544.8,37.10,20.12,36.00,28.46,11636.15
545.1,37.10,20.12,36.00,28.46,11640.58
545.4,37.10,22.26,36.00,28.46,11559.13
545.7,37.10,22.26,36.00,28.46,11403.86
546,37.10,22.26,36.00,28.46,11448.72
546.3,37.10,22.26,36.00,28.46,11410.25
546.6,37.10,22.26,36.00,28.46,11552.58
546.9,37.10,20.12,36.00,28.46,11539.49
547.2,37.10,20.12,36.00,28.46,11873.48
547.5,37.10,20.12,36.00,28.46,12571.92
547.8,37.10,20.12,36.00,29.07,13224.73
548.1,37.10,20.12,36.00,29.07,13201.88
548.4,37.10,20.12,36.00,29.07,12592.64
548.7,37.10,20.12,36.00,29.07,13247.66
549,37.10,20.12,36.00,29.07,12903.67
549.3,37.10,20.12,36.00,29.07,13565.18
549.6,37.10,24.40,36.00,29.07,10390.05
549.9,37.10,22.26,36.00,29.07,12876.49
550.2,37.10,20.12,36.00,29.07,12806.35
550.5,37.10,20.12,36.00,29.68,11761.53
550.8,37.10,22.26,36.00,29.68,12039.53
551.1,37.10,22.26,36.00,29.68,11940.75
551.4,37.10,22.26,36.00,29.68,11685.09
551.7,37.10,20.12,36.00,29.68,11775.13
552,37.10,22.26,36.00,29.68,11399.61
552.3,37.10,24.40,36.00,29.68,11221.72
552.6,37.10,22.26,36.00,29.68,11277.62
552.9,37.10,22.26,36.00,29.68,11003.54
553.2,37.10,22.26,36.00,29.68,10977.85
553.5,37.10,24.40,36.00,29.68,11005.53
553.8,37.10,26.54,36.00,29.68,10979.83
554.1,37.10,26.54,36.00,29.68,11131.80
554.4,37.10,24.40,36.00,29.68,11029.36
554.7,37.10,22.26,36.00,29.68,11176.58
555,37.10,22.26,36.00,29.07,11298.46
555.3,37.10,22.26,36.00,29.07,11313.10
555.6,37.10,24.40,36.00,29.07,11271.38
555.9,37.10,22.26,36.00,29.07,11565.69
556.2,37.10,22.26,36.00,29.07,11784.21
556.5,37.10,22.26,36.00,29.07,11929.10
556.8,37.10,22.26,36.00,28.46,12156.86
557.1,37.10,20.12,36.00,28.46,12224.94
557.4,37.10,20.12,36.00,28.46,12652.60
557.7,37.10,20.12,36.00,28.46,12271.57
558,37.10,17.98,36.00,28.46,12065.67
558.3,37.10,22.26,36.00,28.46,11989.94
558.6,37.10,22.26,36.00,29.07,11718.69
558.9,37.10,22.26,36.00,29.07,11491.76
559.2,37.10,22.26,36.00,29.07,11455.15
559.5,37.10,22.26,36.00,28.46,11522.09
559.8,37.10,22.26,36.00,28.46,11433.72
560.1,37.10,22.26,36.00,29.07,11372.04
560.4,37.10,22.26,36.00,29.07,11246.49
560.7,37.10,22.26,36.00,29.07,11321.48
561,37.10,22.26,36.00,29.07,11363.58
561.3,37.10,22.26,36.00,29.07,11384.74
561.6,37.10,20.12,36.00,29.07,11380.50
561.9,37.10,22.26,36.00,29.07,11374.15
562.2,37.10,22.26,36.00,29.07,11498.25
562.5,37.10,22.26,36.00,29.07,11513.41
562.8,37.10,22.26,36.00,29.07,11600.81
563.1,37.10,22.26,36.00,29.07,11651.68
563.4,37.10,24.40,36.00,29.07,11720.94
563.7,37.10,24.40,36.00,29.07,11559.13
564,37.10,22.26,36.00,29.07,11509.07
564.3,37.10,22.26,36.00,29.07,11600.81
