time	lat	lng	groundspeed	ax	ay	ax	gx	gy	gz	mx	my	mz	satcount	
datetime.datetime(2014, 10, 23, 16, 45, 3, 179000)	40.606528	-75.3784192	0.12	8.0	64.0	8.0	0.0	0.0	0.0	-67.0	-202.0	133.0	8.0	
datetime.datetime(2014, 10, 23, 16, 45, 3, 288000)	40.606528	-75.3784192	0.12	8.0	64.0	8.0	0.0	0.0	0.0	-67.0	-202.0	133.0	8.0	
datetime.datetime(2014, 10, 23, 16, 45, 3, 397000)	40.606528	-75.3784192	0.17	8.0	64.0	8.0	0.0	0.0	0.0	-67.0	-202.0	133.0	8.0	
datetime.datetime(2014, 10, 23, 16, 45, 3, 506000)	40.606528	-75.3784192	0.17	8.0	63.0	8.0	0.0	0.0	1.0	-65.0	-202.0	132.0	8.0	
datetime.datetime(2014, 10, 23, 16, 45, 3, 616000)	40.606528	-75.3784192	0.13	8.0	63.0	8.0	0.0	0.0	1.0	-65.0	-202.0	132.0	8.0	
datetime.datetime(2014, 10, 23, 16, 45, 3, 725000)	40.606528	-75.3784192	0.05	7.0	64.0	7.0	0.0	-1.0	1.0	-67.0	-202.0	133.0	8.0	
datetime.datetime(2014, 10, 23, 16, 45, 3, 834000)	40.606528	-75.3784192	0.05	7.0	64.0	7.0	0.0	-1.0	1.0	-67.0	-202.0	133.0	8.0	
datetime.datetime(2014, 10, 23, 16, 45, 3, 943000)	40.606528	-75.3784192	0.15	7.0	64.0	7.0	0.0	-1.0	1.0	-67.0	-202.0	133.0	8.0	
datetime.datetime(2014, 10, 23, 16, 45, 4, 52000)	40.606528	-75.3784192	0.25	7.0	64.0	7.0	0.0	-1.0	1.0	-67.0	-202.0	133.0	8.0	
datetime.datetime(2014, 10, 23, 16, 45, 4, 162000)	40.606528	-75.3784192	0.14	7.0	64.0	7.0	0.0	-1.0	1.0	-67.0	-202.0	133.0	8.0	
datetime.datetime(2014, 10, 23, 16, 45, 4, 271000)	40.606528	-75.3784192	0.14	8.0	63.0	8.0	0.0	0.0	1.0	-65.0	-202.0	132.0	8.0	
datetime.datetime(2014, 10, 23, 16, 45, 4, 380000)	40.606528	-75.3784192	0.14	8.0	63.0	8.0	0.0	0.0	1.0	-65.0	-202.0	132.0	8.0	
datetime.datetime(2014, 10, 23, 16, 45, 4, 489000)	40.606528	-75.3784192	0.26	8.0	63.0	8.0	0.0	0.0	1.0	-65.0	-202.0	132.0	8.0	
datetime.datetime(2014, 10, 23, 16, 45, 4, 598000)	40.606528	-75.3784192	0.09	8.0	63.0	8.0	0.0	0.0	1.0	-65.0	-202.0	132.0	8.0	
datetime.datetime(2014, 10, 23, 16, 45, 4, 708000)	40.606528	-75.3784256	0.04	225.0	86.0	225.0	44.0	-27.0	49.0	-52.0	-217.0	130.0	8.0	
datetime.datetime(2014, 10, 23, 16, 45, 4, 817000)	40.606528	-75.3784256	0.5	225.0	86.0	225.0	44.0	-27.0	49.0	-52.0	-217.0	130.0	8.0	
datetime.datetime(2014, 10, 23, 16, 45, 4, 926000)	40.606528	-75.3784256	0.8	225.0	86.0	225.0	44.0	-27.0	49.0	-52.0	-217.0	130.0	8.0	
datetime.datetime(2014, 10, 23, 16, 45, 5, 35000)	40.6065312	-75.3784192	0.8	225.0	86.0	225.0	44.0	-27.0	49.0	-52.0	-217.0	130.0	8.0	
datetime.datetime(2014, 10, 23, 16, 45, 5, 144000)	40.6065312	-75.3784192	0.8	233.0	75.0	233.0	4.0	65.0	-324.0	-44.0	-227.0	129.0	8.0	
datetime.datetime(2014, 10, 23, 16, 45, 5, 254000)	40.606528	-75.3784128	1.72	233.0	75.0	233.0	4.0	65.0	-324.0	-44.0	-227.0	129.0	9.0	
datetime.datetime(2014, 10, 23, 16, 45, 5, 363000)	40.606528	-75.3784128	1.75	233.0	75.0	233.0	4.0	65.0	-324.0	-44.0	-227.0	129.0	9.0	
datetime.datetime(2014, 10, 23, 16, 45, 5, 472000)	40.606528	-75.3784128	1.75	233.0	75.0	233.0	4.0	65.0	-324.0	-44.0	-227.0	129.0	9.0	
datetime.datetime(2014, 10, 23, 16, 45, 5, 581000)	40.606528	-75.3784128	1.75	233.0	75.0	233.0	4.0	65.0	-324.0	-44.0	-227.0	129.0	9.0	
datetime.datetime(2014, 10, 23, 16, 45, 5, 690000)	40.606528	-75.3784128	1.39	156.0	22.0	156.0	-245.0	143.0	-351.0	-40.0	-227.0	130.0	9.0	
datetime.datetime(2014, 10, 23, 16, 45, 5, 800000)	40.606528	-75.3784128	1.39	156.0	22.0	156.0	-245.0	143.0	-351.0	-40.0	-227.0	130.0	9.0	
datetime.datetime(2014, 10, 23, 16, 45, 5, 909000)	40.6065248	-75.3784064	2.01	156.0	22.0	156.0	-245.0	143.0	-351.0	-40.0	-227.0	130.0	9.0	
datetime.datetime(2014, 10, 23, 16, 45, 6, 18000)	40.6065248	-75.3784064	2.01	156.0	22.0	156.0	-245.0	143.0	-351.0	-40.0	-227.0	130.0	9.0	
datetime.datetime(2014, 10, 23, 16, 45, 6, 127000)	40.6065216	-75.3784	1.93	156.0	22.0	156.0	-245.0	143.0	-351.0	-40.0	-227.0	130.0	9.0	
datetime.datetime(2014, 10, 23, 16, 45, 6, 236000)	40.6065216	-75.3784	1.93	93.0	14.0	93.0	12.0	96.0	-317.0	-26.0	-236.0	130.0	9.0	
datetime.datetime(2014, 10, 23, 16, 45, 6, 346000)	40.6065216	-75.3784	2.34	93.0	14.0	93.0	12.0	96.0	-317.0	-26.0	-236.0	130.0	9.0	
datetime.datetime(2014, 10, 23, 16, 45, 6, 455000)	40.6065216	-75.3784	2.34	93.0	14.0	93.0	12.0	96.0	-317.0	-26.0	-236.0	130.0	9.0	
datetime.datetime(2014, 10, 23, 16, 45, 6, 564000)	40.6065216	-75.3783936	2.45	93.0	14.0	93.0	12.0	96.0	-317.0	-26.0	-236.0	130.0	9.0	
datetime.datetime(2014, 10, 23, 16, 45, 6, 673000)	40.6065216	-75.3783936	2.11	93.0	14.0	93.0	12.0	96.0	-317.0	-26.0	-236.0	130.0	9.0	
datetime.datetime(2014, 10, 23, 16, 45, 6, 782000)	40.6065216	-75.3783936	2.11	93.0	14.0	93.0	12.0	96.0	-317.0	-26.0	-236.0	130.0	9.0	
datetime.datetime(2014, 10, 23, 16, 45, 6, 892000)	40.6065216	-75.3783808	2.11	49.0	312.0	49.0	44.0	-94.0	444.0	-30.0	-239.0	130.0	9.0	
datetime.datetime(2014, 10, 23, 16, 45, 7, 1000)	40.6065216	-75.3783808	2.11	49.0	312.0	49.0	44.0	-94.0	444.0	-30.0	-239.0	130.0	9.0	
datetime.datetime(2014, 10, 23, 16, 45, 7, 110000)	40.6065216	-75.3783808	2.19	49.0	312.0	49.0	44.0	-94.0	444.0	-30.0	-239.0	130.0	9.0	
datetime.datetime(2014, 10, 23, 16, 45, 7, 219000)	40.6065216	-75.3783808	2.52	49.0	312.0	49.0	44.0	-94.0	444.0	-30.0	-239.0	130.0	9.0	
datetime.datetime(2014, 10, 23, 16, 45, 7, 328000)	40.6065216	-75.378368	2.52	49.0	312.0	49.0	44.0	-94.0	444.0	-30.0	-239.0	130.0	9.0	
datetime.datetime(2014, 10, 23, 16, 45, 7, 438000)	40.6065216	-75.378368	2.52	49.0	312.0	49.0	44.0	-94.0	444.0	-30.0	-239.0	130.0	9.0	
datetime.datetime(2014, 10, 23, 16, 45, 7, 547000)	40.6065216	-75.378368	2.52	49.0	312.0	49.0	44.0	-94.0	444.0	-30.0	-239.0	130.0	9.0	
datetime.datetime(2014, 10, 23, 16, 45, 7, 656000)	40.6065184	-75.3783488	3.66	111.0	25.0	111.0	243.0	20.0	-46.0	-44.0	-223.0	133.0	9.0	
datetime.datetime(2014, 10, 23, 16, 45, 7, 765000)	40.6065184	-75.3783488	3.34	111.0	25.0	111.0	243.0	20.0	-46.0	-44.0	-223.0	133.0	9.0	
datetime.datetime(2014, 10, 23, 16, 45, 7, 874000)	40.6065184	-75.3783488	3.34	111.0	25.0	111.0	243.0	20.0	-46.0	-44.0	-223.0	133.0	9.0	
datetime.datetime(2014, 10, 23, 16, 45, 7, 984000)	40.6065184	-75.3783488	3.34	90.0	38.0	90.0	102.0	-242.0	37.0	-49.0	-226.0	131.0	9.0	
datetime.datetime(2014, 10, 23, 16, 45, 8, 93000)	40.6065152	-75.3783424	3.54	90.0	38.0	90.0	102.0	-242.0	37.0	-49.0	-226.0	131.0	9.0	
datetime.datetime(2014, 10, 23, 16, 45, 8, 202000)	40.6065152	-75.3783424	3.44	90.0	38.0	90.0	102.0	-242.0	37.0	-49.0	-226.0	131.0	9.0	
datetime.datetime(2014, 10, 23, 16, 45, 8, 311000)	40.6065152	-75.3783424	3.44	90.0	38.0	90.0	102.0	-242.0	37.0	-49.0	-226.0	131.0	9.0	
datetime.datetime(2014, 10, 23, 16, 45, 8, 420000)	40.606512	-75.3783296	3.56	90.0	38.0	90.0	102.0	-242.0	37.0	-49.0	-226.0	131.0	9.0	
datetime.datetime(2014, 10, 23, 16, 45, 8, 530000)	40.6065088	-75.3783104	4.04	22.0	19.0	22.0	-126.0	-52.0	-36.0	-45.0	-225.0	132.0	9.0	
datetime.datetime(2014, 10, 23, 16, 45, 8, 639000)	40.6065088	-75.3783104	3.78	22.0	19.0	22.0	-126.0	-52.0	-36.0	-45.0	-225.0	132.0	9.0	
datetime.datetime(2014, 10, 23, 16, 45, 8, 748000)	40.6065088	-75.3783104	3.78	70.0	-83.0	70.0	-68.0	232.0	-421.0	-33.0	-221.0	135.0	9.0	
datetime.datetime(2014, 10, 23, 16, 45, 8, 857000)	40.6065088	-75.3783104	3.78	70.0	-83.0	70.0	-68.0	232.0	-421.0	-33.0	-221.0	135.0	9.0	
datetime.datetime(2014, 10, 23, 16, 45, 8, 966000)	40.6065024	-75.3782976	3.82	70.0	-83.0	70.0	-68.0	232.0	-421.0	-33.0	-221.0	135.0	9.0	
datetime.datetime(2014, 10, 23, 16, 45, 9, 76000)	40.6065024	-75.3782976	3.82	70.0	-83.0	70.0	-68.0	232.0	-421.0	-33.0	-221.0	135.0	9.0	
datetime.datetime(2014, 10, 23, 16, 45, 9, 185000)	40.6065024	-75.3782976	3.67	70.0	-83.0	70.0	-68.0	232.0	-421.0	-33.0	-221.0	135.0	9.0	
datetime.datetime(2014, 10, 23, 16, 45, 9, 294000)	40.6065024	-75.3782912	4.03	22.0	-94.0	22.0	-6.0	-38.0	-249.0	-14.0	-233.0	135.0	9.0	
datetime.datetime(2014, 10, 23, 16, 45, 9, 403000)	40.6065024	-75.3782912	4.03	22.0	-94.0	22.0	-6.0	-38.0	-249.0	-14.0	-233.0	135.0	9.0	
datetime.datetime(2014, 10, 23, 16, 45, 9, 512000)	40.6064992	-75.378272	3.92	22.0	-94.0	22.0	-6.0	-38.0	-249.0	-14.0	-233.0	135.0	9.0	
datetime.datetime(2014, 10, 23, 16, 45, 9, 622000)	40.6064992	-75.378272	3.92	22.0	-94.0	22.0	-6.0	-38.0	-249.0	-14.0	-233.0	135.0	9.0	
datetime.datetime(2014, 10, 23, 16, 45, 9, 731000)	40.6064992	-75.378272	3.86	22.0	-94.0	22.0	-6.0	-38.0	-249.0	-14.0	-233.0	135.0	9.0	
datetime.datetime(2014, 10, 23, 16, 45, 9, 840000)	40.6064992	-75.378272	4.04	74.0	67.0	74.0	231.0	-279.0	9.0	-4.0	-243.0	134.0	9.0	
datetime.datetime(2014, 10, 23, 16, 45, 9, 949000)	40.6064992	-75.378272	4.04	74.0	67.0	74.0	231.0	-279.0	9.0	-4.0	-243.0	134.0	9.0	
datetime.datetime(2014, 10, 23, 16, 45, 10, 58000)	40.6064992	-75.378272	4.04	74.0	67.0	74.0	231.0	-279.0	9.0	-4.0	-243.0	134.0	9.0	
datetime.datetime(2014, 10, 23, 16, 45, 10, 168000)	40.6065024	-75.37824	4.1	74.0	67.0	74.0	231.0	-279.0	9.0	-4.0	-243.0	134.0	9.0	
datetime.datetime(2014, 10, 23, 16, 45, 10, 277000)	40.6065024	-75.37824	4.1	74.0	67.0	74.0	231.0	-279.0	9.0	-4.0	-243.0	134.0	9.0	
datetime.datetime(2014, 10, 23, 16, 45, 10, 386000)	40.6065024	-75.37824	4.1	107.0	56.0	107.0	255.0	26.0	114.0	-8.0	-238.0	134.0	9.0	
datetime.datetime(2014, 10, 23, 16, 45, 10, 495000)	40.6065024	-75.37824	4.13	107.0	56.0	107.0	255.0	26.0	114.0	-8.0	-238.0	134.0	9.0	
datetime.datetime(2014, 10, 23, 16, 45, 10, 604000)	40.6065024	-75.3782208	4.13	107.0	56.0	107.0	255.0	26.0	114.0	-8.0	-238.0	134.0	9.0	
datetime.datetime(2014, 10, 23, 16, 45, 10, 714000)	40.6065024	-75.3782208	4.21	107.0	56.0	107.0	255.0	26.0	114.0	-8.0	-238.0	134.0	9.0	
datetime.datetime(2014, 10, 23, 16, 45, 10, 823000)	40.6065024	-75.3782208	4.37	107.0	56.0	107.0	255.0	26.0	114.0	-8.0	-238.0	134.0	9.0	
datetime.datetime(2014, 10, 23, 16, 45, 10, 932000)	40.6065024	-75.3782208	4.37	20.0	75.0	20.0	-58.0	38.0	-46.0	-8.0	-236.0	137.0	9.0	
datetime.datetime(2014, 10, 23, 16, 45, 11, 41000)	40.6065024	-75.3782208	4.37	20.0	75.0	20.0	-58.0	38.0	-46.0	-8.0	-236.0	137.0	9.0	
datetime.datetime(2014, 10, 23, 16, 45, 11, 150000)	40.6065024	-75.3782016	4.48	20.0	75.0	20.0	-58.0	38.0	-46.0	-8.0	-236.0	137.0	9.0	
datetime.datetime(2014, 10, 23, 16, 45, 11, 260000)	40.6065056	-75.378176	4.48	20.0	75.0	20.0	-58.0	38.0	-46.0	-8.0	-236.0	137.0	9.0	
datetime.datetime(2014, 10, 23, 16, 45, 11, 369000)	40.6065056	-75.378176	4.92	58.0	203.0	58.0	21.0	-229.0	165.0	-11.0	-236.0	130.0	9.0	
datetime.datetime(2014, 10, 23, 16, 45, 11, 478000)	40.6065056	-75.378176	4.49	58.0	203.0	58.0	21.0	-229.0	165.0	-11.0	-236.0	130.0	9.0	
datetime.datetime(2014, 10, 23, 16, 45, 11, 587000)	40.6065056	-75.378176	4.49	58.0	203.0	58.0	21.0	-229.0	165.0	-11.0	-236.0	130.0	9.0	
datetime.datetime(2014, 10, 23, 16, 45, 11, 696000)	40.6065056	-75.3781632	4.45	58.0	203.0	58.0	21.0	-229.0	165.0	-11.0	-236.0	130.0	9.0	
datetime.datetime(2014, 10, 23, 16, 45, 11, 806000)	40.6065056	-75.3781632	4.54	58.0	203.0	58.0	21.0	-229.0	165.0	-11.0	-236.0	130.0	9.0	
datetime.datetime(2014, 10, 23, 16, 45, 11, 915000)	40.6065056	-75.3781632	4.54	11.0	209.0	11.0	-258.0	-248.0	-57.0	-21.0	-239.0	132.0	9.0	
datetime.datetime(2014, 10, 23, 16, 45, 12, 24000)	40.6065056	-75.378144	4.54	11.0	209.0	11.0	-258.0	-248.0	-57.0	-21.0	-239.0	132.0	9.0	
datetime.datetime(2014, 10, 23, 16, 45, 12, 133000)	40.6065056	-75.378144	4.54	11.0	209.0	11.0	-258.0	-248.0	-57.0	-21.0	-239.0	132.0	9.0	
datetime.datetime(2014, 10, 23, 16, 45, 12, 242000)	40.6065056	-75.378144	4.54	11.0	209.0	11.0	-258.0	-248.0	-57.0	-21.0	-239.0	132.0	9.0	
datetime.datetime(2014, 10, 23, 16, 45, 12, 352000)	40.6065056	-75.378144	4.6	11.0	209.0	11.0	-258.0	-248.0	-57.0	-21.0	-239.0	132.0	9.0	
datetime.datetime(2014, 10, 23, 16, 45, 12, 461000)	40.6065056	-75.378144	4.6	11.0	209.0	11.0	-258.0	-248.0	-57.0	-21.0	-239.0	132.0	9.0	
datetime.datetime(2014, 10, 23, 16, 45, 12, 570000)	40.6065056	-75.378144	4.68	11.0	209.0	11.0	-258.0	-248.0	-57.0	-21.0	-239.0	132.0	9.0	
datetime.datetime(2014, 10, 23, 16, 45, 12, 679000)	40.6065056	-75.378144	4.68	11.0	209.0	11.0	-258.0	-248.0	-57.0	-21.0	-239.0	132.0	9.0	
datetime.datetime(2014, 10, 23, 16, 45, 12, 788000)	40.6065056	-75.3781184	4.6	103.0	8.0	103.0	-65.0	-4.0	-174.0	-24.0	-240.0	133.0	9.0	
datetime.datetime(2014, 10, 23, 16, 45, 12, 898000)	40.6065056	-75.3781184	4.6	103.0	8.0	103.0	-65.0	-4.0	-174.0	-24.0	-240.0	133.0	9.0	
datetime.datetime(2014, 10, 23, 16, 45, 13, 7000)	40.6065056	-75.3780992	4.59	103.0	8.0	103.0	-65.0	-4.0	-174.0	-24.0	-240.0	133.0	9.0	
datetime.datetime(2014, 10, 23, 16, 45, 13, 116000)	40.6065056	-75.3780992	4.73	71.0	-6.0	71.0	-193.0	50.0	-324.0	-6.0	-244.0	134.0	9.0	
datetime.datetime(2014, 10, 23, 16, 45, 13, 225000)	40.6065024	-75.3780928	4.73	71.0	-6.0	71.0	-193.0	50.0	-324.0	-6.0	-244.0	134.0	8.0	
datetime.datetime(2014, 10, 23, 16, 45, 13, 334000)	40.6065024	-75.3780928	4.73	71.0	-6.0	71.0	-193.0	50.0	-324.0	-6.0	-244.0	134.0	8.0	
datetime.datetime(2014, 10, 23, 16, 45, 13, 444000)	40.6065024	-75.3780928	4.69	71.0	-6.0	71.0	-193.0	50.0	-324.0	-6.0	-244.0	134.0	8.0	
datetime.datetime(2014, 10, 23, 16, 45, 13, 553000)	40.6065024	-75.3780672	4.53	71.0	-6.0	71.0	-193.0	50.0	-324.0	-6.0	-244.0	134.0	8.0	
datetime.datetime(2014, 10, 23, 16, 45, 13, 662000)	40.6065024	-75.3780672	4.33	100.0	-93.0	100.0	412.0	94.0	-174.0	18.0	-248.0	132.0	8.0	
datetime.datetime(2014, 10, 23, 16, 45, 13, 771000)	40.6065024	-75.3780672	4.17	100.0	-93.0	100.0	412.0	94.0	-174.0	18.0	-248.0	132.0	8.0	
datetime.datetime(2014, 10, 23, 16, 45, 13, 880000)	40.6065024	-75.3780672	4.17	100.0	-93.0	100.0	412.0	94.0	-174.0	18.0	-248.0	132.0	8.0	
datetime.datetime(2014, 10, 23, 16, 45, 13, 990000)	40.6064992	-75.3780544	4.17	100.0	-93.0	100.0	412.0	94.0	-174.0	18.0	-248.0	132.0	8.0	
datetime.datetime(2014, 10, 23, 16, 45, 14, 99000)	40.6064992	-75.3780544	4.01	100.0	-93.0	100.0	412.0	94.0	-174.0	18.0	-248.0	132.0	8.0	
datetime.datetime(2014, 10, 23, 16, 45, 14, 208000)	40.6064992	-75.3780352	3.68	24.0	-119.0	24.0	38.0	-61.0	-288.0	44.0	-248.0	135.0	8.0	
datetime.datetime(2014, 10, 23, 16, 45, 14, 317000)	40.6064992	-75.3780352	3.68	24.0	-119.0	24.0	38.0	-61.0	-288.0	44.0	-248.0	135.0	8.0	
datetime.datetime(2014, 10, 23, 16, 45, 14, 426000)	40.6064992	-75.3780352	3.68	24.0	-119.0	24.0	38.0	-61.0	-288.0	44.0	-248.0	135.0	8.0	
datetime.datetime(2014, 10, 23, 16, 45, 14, 536000)	40.6064992	-75.3780352	4.45	24.0	-119.0	24.0	38.0	-61.0	-288.0	44.0	-248.0	135.0	8.0	
datetime.datetime(2014, 10, 23, 16, 45, 14, 645000)	40.6065024	-75.3780224	4.45	24.0	-119.0	24.0	38.0	-61.0	-288.0	44.0	-248.0	135.0	8.0	
datetime.datetime(2014, 10, 23, 16, 45, 14, 754000)	40.6065024	-75.3780224	4.45	23.0	217.0	23.0	-215.0	-85.0	14.0	66.0	-244.0	136.0	8.0	
datetime.datetime(2014, 10, 23, 16, 45, 14, 863000)	40.6065024	-75.3780224	4.72	23.0	217.0	23.0	-215.0	-85.0	14.0	66.0	-244.0	136.0	8.0	
datetime.datetime(2014, 10, 23, 16, 45, 14, 972000)	40.6065152	-75.3780032	4.71	23.0	217.0	23.0	-215.0	-85.0	14.0	66.0	-244.0	136.0	8.0	
datetime.datetime(2014, 10, 23, 16, 45, 15, 82000)	40.6065152	-75.3780032	4.71	23.0	217.0	23.0	-215.0	-85.0	14.0	66.0	-244.0	136.0	8.0	
datetime.datetime(2014, 10, 23, 16, 45, 15, 191000)	40.6065152	-75.3780032	4.71	23.0	217.0	23.0	-215.0	-85.0	14.0	66.0	-244.0	136.0	8.0	
datetime.datetime(2014, 10, 23, 16, 45, 15, 300000)	40.6065216	-75.3779776	5.11	29.0	199.0	29.0	130.0	-90.0	263.0	55.0	-242.0	134.0	8.0	
datetime.datetime(2014, 10, 23, 16, 45, 15, 409000)	40.6065216	-75.3779776	4.61	29.0	199.0	29.0	130.0	-90.0	263.0	55.0	-242.0	134.0	8.0	
datetime.datetime(2014, 10, 23, 16, 45, 15, 518000)	40.6065216	-75.3779776	4.61	29.0	199.0	29.0	130.0	-90.0	263.0	55.0	-242.0	134.0	8.0	
datetime.datetime(2014, 10, 23, 16, 45, 15, 628000)	40.6065216	-75.3779776	4.61	29.0	199.0	29.0	130.0	-90.0	263.0	55.0	-242.0	134.0	8.0	
datetime.datetime(2014, 10, 23, 16, 45, 15, 737000)	40.606528	-75.3779584	5.11	29.0	199.0	29.0	130.0	-90.0	263.0	55.0	-242.0	134.0	8.0	
datetime.datetime(2014, 10, 23, 16, 45, 15, 846000)	40.606528	-75.3779584	5.11	56.0	54.0	56.0	32.0	-88.0	98.0	30.0	-241.0	136.0	8.0	
datetime.datetime(2014, 10, 23, 16, 45, 15, 955000)	40.606528	-75.3779584	5.11	56.0	54.0	56.0	32.0	-88.0	98.0	30.0	-241.0	136.0	8.0	
datetime.datetime(2014, 10, 23, 16, 45, 16, 64000)	40.606528	-75.3779584	4.74	56.0	54.0	56.0	32.0	-88.0	98.0	30.0	-241.0	136.0	8.0	
datetime.datetime(2014, 10, 23, 16, 45, 16, 174000)	40.6065312	-75.3779456	4.74	56.0	54.0	56.0	32.0	-88.0	98.0	30.0	-241.0	136.0	8.0	
datetime.datetime(2014, 10, 23, 16, 45, 16, 283000)	40.6065312	-75.3779456	4.73	42.0	119.0	42.0	-119.0	5.0	-5.0	29.0	-241.0	135.0	8.0	
datetime.datetime(2014, 10, 23, 16, 45, 16, 392000)	40.6065344	-75.3779264	4.73	42.0	119.0	42.0	-119.0	5.0	-5.0	29.0	-241.0	135.0	8.0	
datetime.datetime(2014, 10, 23, 16, 45, 16, 501000)	40.6065344	-75.3779264	4.73	42.0	119.0	42.0	-119.0	5.0	-5.0	29.0	-241.0	135.0	8.0	
datetime.datetime(2014, 10, 23, 16, 45, 16, 610000)	40.6065344	-75.3779264	4.72	42.0	119.0	42.0	-119.0	5.0	-5.0	29.0	-241.0	135.0	8.0	
datetime.datetime(2014, 10, 23, 16, 45, 16, 720000)	40.6065376	-75.3779008	4.72	42.0	119.0	42.0	-119.0	5.0	-5.0	29.0	-241.0	135.0	8.0	
datetime.datetime(2014, 10, 23, 16, 45, 16, 829000)	40.6065376	-75.3779008	5.05	42.0	119.0	42.0	-119.0	5.0	-5.0	29.0	-241.0	135.0	8.0	
datetime.datetime(2014, 10, 23, 16, 45, 16, 938000)	40.6065376	-75.3779008	5.05	-6.0	96.0	-6.0	-238.0	23.0	-30.0	30.0	-239.0	135.0	8.0	
datetime.datetime(2014, 10, 23, 16, 45, 17, 47000)	40.6065408	-75.377888	4.69	-6.0	96.0	-6.0	-238.0	23.0	-30.0	30.0	-239.0	135.0	8.0	
datetime.datetime(2014, 10, 23, 16, 45, 17, 156000)	40.6065408	-75.377888	4.7	-6.0	96.0	-6.0	-238.0	23.0	-30.0	30.0	-239.0	135.0	8.0	
datetime.datetime(2014, 10, 23, 16, 45, 17, 266000)	40.6065408	-75.377888	4.7	-4.0	143.0	-4.0	-425.0	-256.0	-27.0	28.0	-239.0	134.0	8.0	
datetime.datetime(2014, 10, 23, 16, 45, 17, 375000)	40.6065408	-75.377888	4.7	-4.0	143.0	-4.0	-425.0	-256.0	-27.0	28.0	-239.0	134.0	8.0	
datetime.datetime(2014, 10, 23, 16, 45, 17, 484000)	40.6065408	-75.377888	4.7	-4.0	143.0	-4.0	-425.0	-256.0	-27.0	28.0	-239.0	134.0	8.0	
datetime.datetime(2014, 10, 23, 16, 45, 17, 593000)	40.6065408	-75.377888	4.7	-4.0	143.0	-4.0	-425.0	-256.0	-27.0	28.0	-239.0	134.0	8.0	
datetime.datetime(2014, 10, 23, 16, 45, 17, 702000)	40.606544	-75.3778688	4.7	-4.0	143.0	-4.0	-425.0	-256.0	-27.0	28.0	-239.0	134.0	8.0	
datetime.datetime(2014, 10, 23, 16, 45, 17, 812000)	40.6065504	-75.3778496	4.89	-4.0	143.0	-4.0	-425.0	-256.0	-27.0	28.0	-239.0	134.0	8.0	
datetime.datetime(2014, 10, 23, 16, 45, 17, 921000)	40.6065504	-75.3778496	5.02	71.0	160.0	71.0	239.0	79.0	168.0	24.0	-242.0	131.0	8.0	
datetime.datetime(2014, 10, 23, 16, 45, 18, 30000)	40.6065504	-75.3778496	5.02	71.0	160.0	71.0	239.0	79.0	168.0	24.0	-242.0	131.0	8.0	
datetime.datetime(2014, 10, 23, 16, 45, 18, 139000)	40.6065536	-75.377824	5.02	71.0	160.0	71.0	239.0	79.0	168.0	24.0	-242.0	131.0	8.0	
datetime.datetime(2014, 10, 23, 16, 45, 18, 248000)	40.6065536	-75.377824	4.82	71.0	160.0	71.0	239.0	79.0	168.0	24.0	-242.0	131.0	8.0	
datetime.datetime(2014, 10, 23, 16, 45, 18, 358000)	40.6065536	-75.377824	4.82	-71.0	41.0	-71.0	-156.0	127.0	-104.0	1.0	-220.0	135.0	8.0	
datetime.datetime(2014, 10, 23, 16, 45, 18, 467000)	40.6065536	-75.377824	4.82	-71.0	41.0	-71.0	-156.0	127.0	-104.0	1.0	-220.0	135.0	8.0	
datetime.datetime(2014, 10, 23, 16, 45, 18, 576000)	40.6065568	-75.3778176	5.23	-71.0	41.0	-71.0	-156.0	127.0	-104.0	1.0	-220.0	135.0	8.0	
datetime.datetime(2014, 10, 23, 16, 45, 18, 685000)	40.6065568	-75.377792	4.97	-71.0	41.0	-71.0	-156.0	127.0	-104.0	1.0	-220.0	135.0	8.0	
datetime.datetime(2014, 10, 23, 16, 45, 18, 794000)	40.60656	-75.377792	4.97	-71.0	41.0	-71.0	-156.0	127.0	-104.0	1.0	-220.0	135.0	8.0	
datetime.datetime(2014, 10, 23, 16, 45, 18, 904000)	40.60656	-75.377792	4.97	-71.0	41.0	-71.0	-156.0	127.0	-104.0	1.0	-220.0	135.0	8.0	
datetime.datetime(2014, 10, 23, 16, 45, 19, 13000)	40.60656	-75.377792	4.48	-335.0	1169.0	-335.0	-528.0	-921.0	2692.0	-43.0	-234.0	129.0	8.0	
datetime.datetime(2014, 10, 23, 16, 45, 19, 122000)	40.60656	-75.377792	4.48	-335.0	1169.0	-335.0	-528.0	-921.0	2692.0	-43.0	-234.0	129.0	8.0	
datetime.datetime(2014, 10, 23, 16, 45, 19, 231000)	40.60656	-75.377792	4.48	-335.0	1169.0	-335.0	-528.0	-921.0	2692.0	-43.0	-234.0	129.0	8.0	
datetime.datetime(2014, 10, 23, 16, 45, 19, 340000)	40.60656	-75.3777728	4.48	-335.0	1169.0	-335.0	-528.0	-921.0	2692.0	-43.0	-234.0	129.0	8.0	
datetime.datetime(2014, 10, 23, 16, 45, 19, 450000)	40.60656	-75.