time	lat	lng	groundspeed	ax	ay	ax	gx	gy	gz	mx	my	mz	satcount	
datetime.datetime(2014, 10, 23, 16, 46, 34, 907000)	40.6065568	-75.3783936	0.18	33.0	86.0	33.0	0.0	-1.0	0.0	-45.0	-217.0	136.0	9.0	
datetime.datetime(2014, 10, 23, 16, 46, 35, 32000)	40.6065568	-75.3783936	0.18	33.0	86.0	33.0	0.0	-1.0	0.0	-45.0	-217.0	136.0	9.0	
datetime.datetime(2014, 10, 23, 16, 46, 35, 141000)	40.6065568	-75.3783936	0.18	33.0	86.0	33.0	0.0	-1.0	0.0	-45.0	-217.0	136.0	9.0	
datetime.datetime(2014, 10, 23, 16, 46, 35, 250000)	40.6065568	-75.3783936	0.18	33.0	86.0	33.0	0.0	-1.0	0.0	-45.0	-217.0	136.0	9.0	
datetime.datetime(2014, 10, 23, 16, 46, 35, 359000)	40.6065568	-75.3783936	0.18	33.0	86.0	33.0	0.0	-1.0	0.0	-45.0	-217.0	136.0	9.0	
datetime.datetime(2014, 10, 23, 16, 46, 35, 469000)	40.6065568	-75.3783936	0.18	33.0	86.0	33.0	0.0	-1.0	0.0	-45.0	-217.0	136.0	9.0	
datetime.datetime(2014, 10, 23, 16, 46, 35, 578000)	40.6065568	-75.3783936	0.18	33.0	86.0	33.0	0.0	-1.0	0.0	-45.0	-217.0	136.0	9.0	
datetime.datetime(2014, 10, 23, 16, 46, 35, 687000)	40.6065568	-75.3783936	0.18	33.0	86.0	33.0	0.0	-1.0	0.0	-45.0	-217.0	136.0	9.0	
datetime.datetime(2014, 10, 23, 16, 46, 35, 796000)	40.6065568	-75.3783936	0.18	33.0	86.0	33.0	0.0	-1.0	0.0	-45.0	-217.0	136.0	9.0	
datetime.datetime(2014, 10, 23, 16, 46, 35, 905000)	40.6065568	-75.3783936	0.18	33.0	86.0	33.0	0.0	-1.0	0.0	-45.0	-217.0	136.0	9.0	
datetime.datetime(2014, 10, 23, 16, 46, 36, 15000)	40.6065568	-75.3783936	0.18	33.0	86.0	33.0	0.0	-1.0	0.0	-45.0	-217.0	136.0	9.0	
datetime.datetime(2014, 10, 23, 16, 46, 36, 124000)	40.6065568	-75.3783936	0.18	33.0	86.0	33.0	0.0	-1.0	0.0	-45.0	-217.0	136.0	9.0	
datetime.datetime(2014, 10, 23, 16, 46, 36, 233000)	40.6065568	-75.3783936	0.18	33.0	86.0	33.0	0.0	-1.0	0.0	-45.0	-217.0	136.0	9.0	
datetime.datetime(2014, 10, 23, 16, 46, 36, 342000)	40.6065568	-75.3783936	0.18	33.0	86.0	33.0	0.0	-1.0	0.0	-45.0	-217.0	136.0	9.0	
datetime.datetime(2014, 10, 23, 16, 46, 36, 451000)	40.6065568	-75.3783936	0.18	33.0	86.0	33.0	0.0	-1.0	0.0	-45.0	-217.0	136.0	9.0	
datetime.datetime(2014, 10, 23, 16, 46, 36, 561000)	40.6065568	-75.3783936	0.18	33.0	86.0	33.0	0.0	-1.0	0.0	-45.0	-217.0	136.0	9.0	
datetime.datetime(2014, 10, 23, 16, 46, 36, 670000)	40.6065568	-75.3783936	0.18	33.0	86.0	33.0	0.0	-1.0	0.0	-45.0	-217.0	136.0	9.0	
datetime.datetime(2014, 10, 23, 16, 46, 36, 779000)	40.6065568	-75.3783936	0.18	33.0	86.0	33.0	0.0	-1.0	0.0	-45.0	-217.0	136.0	9.0	
datetime.datetime(2014, 10, 23, 16, 46, 36, 888000)	40.6065568	-75.3783936	0.18	33.0	86.0	33.0	0.0	-1.0	0.0	-45.0	-217.0	136.0	9.0	
datetime.datetime(2014, 10, 23, 16, 46, 36, 997000)	40.6065568	-75.3783936	0.18	33.0	86.0	33.0	0.0	-1.0	0.0	-45.0	-217.0	136.0	9.0	
datetime.datetime(2014, 10, 23, 16, 46, 37, 107000)	40.6065568	-75.3783936	0.18	33.0	86.0	33.0	0.0	-1.0	0.0	-45.0	-217.0	136.0	9.0	
datetime.datetime(2014, 10, 23, 16, 46, 37, 216000)	40.6065568	-75.3783936	0.18	33.0	86.0	33.0	0.0	-1.0	0.0	-45.0	-217.0	136.0	9.0	
datetime.datetime(2014, 10, 23, 16, 46, 37, 325000)	40.6065568	-75.3783936	0.18	33.0	86.0	33.0	0.0	-1.0	0.0	-45.0	-217.0	136.0	9.0	
datetime.datetime(2014, 10, 23, 16, 46, 37, 434000)	40.6065568	-75.3783936	0.18	33.0	86.0	33.0	0.0	-1.0	0.0	-45.0	-217.0	136.0	9.0	
datetime.datetime(2014, 10, 23, 16, 46, 37, 543000)	40.6065568	-75.3783936	0.18	33.0	86.0	33.0	0.0	-1.0	0.0	-45.0	-217.0	136.0	9.0	
datetime.datetime(2014, 10, 23, 16, 46, 37, 653000)	40.6065568	-75.3783936	0.18	33.0	86.0	33.0	0.0	-1.0	0.0	-45.0	-217.0	136.0	9.0	
datetime.datetime(2014, 10, 23, 16, 46, 37, 762000)	40.6065568	-75.3783936	0.18	33.0	86.0	33.0	0.0	-1.0	0.0	-45.0	-217.0	136.0	9.0	
datetime.datetime(2014, 10, 23, 16, 46, 37, 871000)	40.6065568	-75.3783936	0.18	33.0	86.0	33.0	0.0	-1.0	0.0	-45.0	-217.0	136.0	9.0	
datetime.datetime(2014, 10, 23, 16, 46, 37, 980000)	40.60656	-75.3783936	0.18	33.0	86.0	33.0	0.0	-1.0	0.0	-45.0	-217.0	136.0	9.0	
datetime.datetime(2014, 10, 23, 16, 46, 38, 89000)	40.60656	-75.3783936	0.19	32.0	85.0	32.0	0.0	-1.0	0.0	-43.0	-217.0	135.0	9.0	
datetime.datetime(2014, 10, 23, 16, 46, 38, 199000)	40.60656	-75.3783936	0.33	32.0	85.0	32.0	0.0	-1.0	0.0	-43.0	-217.0	135.0	9.0	
datetime.datetime(2014, 10, 23, 16, 46, 38, 308000)	40.60656	-75.3783936	0.33	32.0	85.0	32.0	0.0	-1.0	0.0	-43.0	-217.0	135.0	9.0	
datetime.datetime(2014, 10, 23, 16, 46, 38, 417000)	40.60656	-75.3783936	0.18	32.0	85.0	32.0	0.0	-1.0	0.0	-43.0	-217.0	135.0	9.0	
datetime.datetime(2014, 10, 23, 16, 46, 38, 526000)	40.60656	-75.3783936	0.12	32.0	86.0	32.0	0.0	0.0	0.0	-43.0	-217.0	135.0	9.0	
datetime.datetime(2014, 10, 23, 16, 46, 38, 635000)	40.60656	-75.3783936	0.12	32.0	86.0	32.0	0.0	0.0	0.0	-43.0	-217.0	135.0	9.0	
datetime.datetime(2014, 10, 23, 16, 46, 38, 745000)	40.60656	-75.3783936	0.12	32.0	86.0	32.0	0.0	0.0	0.0	-43.0	-217.0	135.0	9.0	
datetime.datetime(2014, 10, 23, 16, 46, 38, 854000)	40.60656	-75.3783936	0.02	32.0	86.0	32.0	0.0	0.0	0.0	-43.0	-217.0	135.0	9.0	
datetime.datetime(2014, 10, 23, 16, 46, 38, 963000)	40.6065568	-75.3783936	0.37	32.0	86.0	32.0	0.0	0.0	0.0	-43.0	-217.0	135.0	9.0	
datetime.datetime(2014, 10, 23, 16, 46, 39, 72000)	40.6065568	-75.3783936	0.37	32.0	86.0	32.0	0.0	0.0	0.0	-43.0	-217.0	135.0	9.0	
datetime.datetime(2014, 10, 23, 16, 46, 39, 181000)	40.6065568	-75.3783936	0.37	32.0	86.0	32.0	0.0	-1.0	0.0	-43.0	-217.0	135.0	9.0	
datetime.datetime(2014, 10, 23, 16, 46, 39, 291000)	40.6065568	-75.3783936	0.15	32.0	86.0	32.0	0.0	-1.0	0.0	-43.0	-217.0	135.0	9.0	
datetime.datetime(2014, 10, 23, 16, 46, 39, 400000)	40.6065568	-75.3784	0.27	32.0	86.0	32.0	0.0	-1.0	0.0	-43.0	-217.0	135.0	9.0	
datetime.datetime(2014, 10, 23, 16, 46, 39, 509000)	40.6065568	-75.3784	0.03	32.0	87.0	32.0	0.0	-1.0	0.0	-43.0	-217.0	135.0	9.0	
datetime.datetime(2014, 10, 23, 16, 46, 39, 618000)	40.6065568	-75.3784	0.03	32.0	87.0	32.0	0.0	-1.0	0.0	-43.0	-217.0	135.0	9.0	
datetime.datetime(2014, 10, 23, 16, 46, 39, 727000)	40.6065568	-75.3783936	0.03	32.0	87.0	32.0	0.0	-1.0	0.0	-43.0	-217.0	135.0	9.0	
datetime.datetime(2014, 10, 23, 16, 46, 39, 837000)	40.6065568	-75.3783936	0.09	32.0	87.0	32.0	0.0	-1.0	0.0	-43.0	-217.0	135.0	9.0	
datetime.datetime(2014, 10, 23, 16, 46, 39, 946000)	40.6065568	-75.3783936	0.09	32.0	87.0	32.0	0.0	-1.0	0.0	-43.0	-217.0	135.0	9.0	
datetime.datetime(2014, 10, 23, 16, 46, 40, 55000)	40.6065568	-75.3783936	0.09	32.0	87.0	32.0	0.0	-1.0	0.0	-43.0	-217.0	135.0	9.0	
datetime.datetime(2014, 10, 23, 16, 46, 40, 164000)	40.6065568	-75.3783936	0.09	32.0	87.0	32.0	0.0	-1.0	0.0	-43.0	-217.0	135.0	9.0	
datetime.datetime(2014, 10, 23, 16, 46, 40, 273000)	40.6065568	-75.3783936	0.7	154.0	123.0	154.0	-94.0	86.0	-309.0	-33.0	-226.0	134.0	9.0	
datetime.datetime(2014, 10, 23, 16, 46, 40, 383000)	40.6065568	-75.3783936	0.15	154.0	123.0	154.0	-94.0	86.0	-309.0	-33.0	-226.0	134.0	9.0	
datetime.datetime(2014, 10, 23, 16, 46, 40, 492000)	40.6065568	-75.3783936	0.15	154.0	123.0	154.0	-94.0	86.0	-309.0	-33.0	-226.0	134.0	9.0	
datetime.datetime(2014, 10, 23, 16, 46, 40, 601000)	40.6065568	-75.3783936	0.15	154.0	123.0	154.0	-94.0	86.0	-309.0	-33.0	-226.0	134.0	9.0	
datetime.datetime(2014, 10, 23, 16, 46, 40, 710000)	40.6065568	-75.3783936	0.49	154.0	123.0	154.0	-94.0	86.0	-309.0	-33.0	-226.0	134.0	9.0	
datetime.datetime(2014, 10, 23, 16, 46, 40, 819000)	40.6065568	-75.3783936	0.49	212.0	7.0	212.0	176.0	-115.0	63.0	12.0	-258.0	130.0	9.0	
datetime.datetime(2014, 10, 23, 16, 46, 40, 929000)	40.6065568	-75.3783872	1.79	212.0	7.0	212.0	176.0	-115.0	63.0	12.0	-258.0	130.0	9.0	
datetime.datetime(2014, 10, 23, 16, 46, 41, 38000)	40.60656	-75.3783808	1.41	212.0	7.0	212.0	176.0	-115.0	63.0	12.0	-258.0	130.0	9.0	
datetime.datetime(2014, 10, 23, 16, 46, 41, 147000)	40.60656	-75.3783808	1.41	24.0	630.0	24.0	-40.0	-257.0	1833.0	30.0	-267.0	125.0	9.0	
datetime.datetime(2014, 10, 23, 16, 46, 41, 256000)	40.60656	-75.3783808	1.41	24.0	630.0	24.0	-40.0	-257.0	1833.0	30.0	-267.0	125.0	9.0	
datetime.datetime(2014, 10, 23, 16, 46, 41, 365000)	40.60656	-75.3783808	1.86	24.0	630.0	24.0	-40.0	-257.0	1833.0	30.0	-267.0	125.0	9.0	
datetime.datetime(2014, 10, 23, 16, 46, 41, 475000)	40.60656	-75.378368	1.86	24.0	630.0	24.0	-40.0	-257.0	1833.0	30.0	-267.0	125.0	9.0	
datetime.datetime(2014, 10, 23, 16, 46, 41, 584000)	40.60656	-75.378368	2.46	24.0	630.0	24.0	-40.0	-257.0	1833.0	30.0	-267.0	125.0	9.0	
datetime.datetime(2014, 10, 23, 16, 46, 41, 693000)	40.60656	-75.378368	2.17	165.0	135.0	165.0	92.0	37.0	-1.0	-67.0	-220.0	130.0	9.0	
datetime.datetime(2014, 10, 23, 16, 46, 41, 802000)	40.6065568	-75.378368	2.17	165.0	135.0	165.0	92.0	37.0	-1.0	-67.0	-220.0	130.0	9.0	
datetime.datetime(2014, 10, 23, 16, 46, 41, 911000)	40.6065568	-75.378368	2.17	165.0	135.0	165.0	92.0	37.0	-1.0	-67.0	-220.0	130.0	9.0	
datetime.datetime(2014, 10, 23, 16, 46, 42, 21000)	40.6065568	-75.378368	2.52	165.0	135.0	165.0	92.0	37.0	-1.0	-67.0	-220.0	130.0	9.0	
datetime.datetime(2014, 10, 23, 16, 46, 42, 130000)	40.6065536	-75.3783552	2.52	165.0	135.0	165.0	92.0	37.0	-1.0	-67.0	-220.0	130.0	9.0	
datetime.datetime(2014, 10, 23, 16, 46, 42, 239000)	40.6065536	-75.3783552	2.61	113.0	24.0	113.0	-79.0	-162.0	-17.0	-61.0	-215.0	132.0	9.0	
datetime.datetime(2014, 10, 23, 16, 46, 42, 348000)	40.6065536	-75.3783552	2.61	113.0	24.0	113.0	-79.0	-162.0	-17.0	-61.0	-215.0	132.0	9.0	
datetime.datetime(2014, 10, 23, 16, 46, 42, 457000)	40.6065504	-75.3783424	3.03	113.0	24.0	113.0	-79.0	-162.0	-17.0	-61.0	-215.0	132.0	9.0	
datetime.datetime(2014, 10, 23, 16, 46, 42, 567000)	40.6065504	-75.3783424	3.03	113.0	24.0	113.0	-79.0	-162.0	-17.0	-61.0	-215.0	132.0	9.0	
datetime.datetime(2014, 10, 23, 16, 46, 42, 676000)	40.6065504	-75.3783424	3.09	113.0	24.0	113.0	-79.0	-162.0	-17.0	-61.0	-215.0	132.0	9.0	
datetime.datetime(2014, 10, 23, 16, 46, 42, 785000)	40.6065504	-75.3783424	3.09	113.0	24.0	113.0	-79.0	-162.0	-17.0	-61.0	-215.0	132.0	9.0	
datetime.datetime(2014, 10, 23, 16, 46, 42, 894000)	40.6065472	-75.378336	3.83	145.0	69.0	145.0	-85.0	-3.0	186.0	-81.0	-200.0	132.0	9.0	
datetime.datetime(2014, 10, 23, 16, 46, 43, 3000)	40.6065472	-75.378336	3.83	145.0	69.0	145.0	-85.0	-3.0	186.0	-81.0	-200.0	132.0	9.0	
datetime.datetime(2014, 10, 23, 16, 46, 43, 113000)	40.6065472	-75.378336	3.83	145.0	69.0	145.0	-85.0	-3.0	186.0	-81.0	-200.0	132.0	9.0	
datetime.datetime(2014, 10, 23, 16, 46, 43, 222000)	40.6065472	-75.378336	3.83	145.0	69.0	145.0	-85.0	-3.0	186.0	-81.0	-200.0	132.0	9.0	
datetime.datetime(2014, 10, 23, 16, 46, 43, 331000)	40.6065408	-75.3783232	2.31	145.0	69.0	145.0	-85.0	-3.0	186.0	-81.0	-200.0	132.0	9.0	
datetime.datetime(2014, 10, 23, 16, 46, 43, 440000)	40.6065408	-75.3783232	2.86	35.0	10.0	35.0	-137.0	102.0	-172.0	-69.0	-197.0	135.0	9.0	
datetime.datetime(2014, 10, 23, 16, 46, 43, 549000)	40.6065344	-75.3783104	2.86	35.0	10.0	35.0	-137.0	102.0	-172.0	-69.0	-197.0	135.0	9.0	
datetime.datetime(2014, 10, 23, 16, 46, 43, 659000)	40.6065344	-75.3783104	2.86	35.0	10.0	35.0	-137.0	102.0	-172.0	-69.0	-197.0	135.0	9.0	
datetime.datetime(2014, 10, 23, 16, 46, 43, 768000)	40.6065344	-75.3783104	2.86	35.0	10.0	35.0	-137.0	102.0	-172.0	-69.0	-197.0	135.0	9.0	
datetime.datetime(2014, 10, 23, 16, 46, 43, 877000)	40.6065344	-75.3783104	2.86	35.0	10.0	35.0	-137.0	102.0	-172.0	-69.0	-197.0	135.0	9.0	
datetime.datetime(2014, 10, 23, 16, 46, 43, 986000)	40.6065344	-75.3783104	3.86	35.0	10.0	35.0	-137.0	102.0	-172.0	-69.0	-197.0	135.0	9.0	
datetime.datetime(2014, 10, 23, 16, 46, 44, 95000)	40.6065344	-75.3783104	3.86	1.0	122.0	1.0	-72.0	-82.0	-211.0	-68.0	-210.0	133.0	9.0	
datetime.datetime(2014, 10, 23, 16, 46, 44, 205000)	40.6065344	-75.3783104	4.09	1.0	122.0	1.0	-72.0	-82.0	-211.0	-68.0	-210.0	133.0	9.0	
datetime.datetime(2014, 10, 23, 16, 46, 44, 314000)	40.6065344	-75.3783104	4.09	1.0	122.0	1.0	-72.0	-82.0	-211.0	-68.0	-210.0	133.0	9.0	
datetime.datetime(2014, 10, 23, 16, 46, 44, 423000)	40.6065344	-75.3783104	3.91	27.0	262.0	27.0	-422.0	-25.0	-211.0	-54.0	-220.0	126.0	9.0	
datetime.datetime(2014, 10, 23, 16, 46, 44, 532000)	40.6065344	-75.3783104	4.1	27.0	262.0	27.0	-422.0	-25.0	-211.0	-54.0	-220.0	126.0	9.0	
datetime.datetime(2014, 10, 23, 16, 46, 44, 641000)	40.6065344	-75.3783104	4.1	27.0	262.0	27.0	-422.0	-25.0	-211.0	-54.0	-220.0	126.0	9.0	
datetime.datetime(2014, 10, 23, 16, 46, 44, 751000)	40.6065344	-75.3783104	4.47	27.0	262.0	27.0	-422.0	-25.0	-211.0	-54.0	-220.0	126.0	9.0	
datetime.datetime(2014, 10, 23, 16, 46, 44, 860000)	40.6065088	-75.3782528	4.05	27.0	262.0	27.0	-422.0	-25.0	-211.0	-54.0	-220.0	126.0	9.0	
datetime.datetime(2014, 10, 23, 16, 46, 44, 969000)	40.6065088	-75.3782528	4.05	-12.0	160.0	-12.0	2402.0	-673.0	-357.0	-34.0	-260.0	119.0	9.0	
datetime.datetime(2014, 10, 23, 16, 46, 45, 78000)	40.6065088	-75.3782528	3.8	-12.0	160.0	-12.0	2402.0	-673.0	-357.0	-34.0	-260.0	119.0	9.0	
datetime.datetime(2014, 10, 23, 16, 46, 45, 187000)	40.6065056	-75.3782464	3.8	-12.0	160.0	-12.0	2402.0	-673.0	-357.0	-34.0	-260.0	119.0	9.0	
datetime.datetime(2014, 10, 23, 16, 46, 45, 297000)	40.6065056	-75.3782464	3.8	-12.0	160.0	-12.0	2402.0	-673.0	-357.0	-34.0	-260.0	119.0	9.0	
datetime.datetime(2014, 10, 23, 16, 46, 45, 406000)	40.6065056	-75.3782464	3.8	-12.0	160.0	-12.0	2402.0	-673.0	-357.0	-34.0	-260.0	119.0	9.0	
datetime.datetime(2014, 10, 23, 16, 46, 45, 515000)	40.6065056	-75.3782464	3.79	-170.0	-264.0	-170.0	91.0	-205.0	-185.0	8.0	-279.0	122.0	9.0	
datetime.datetime(2014, 10, 23, 16, 46, 45, 624000)	40.6065056	-75.3782464	3.05	-170.0	-264.0	-170.0	91.0	-205.0	-185.0	8.0	-279.0	122.0	9.0	
datetime.datetime(2014, 10, 23, 16, 46, 45, 733000)	40.6065056	-75.3782464	3.05	-170.0	-264.0	-170.0	91.0	-205.0	-185.0	8.0	-279.0	122.0	9.0	
datetime.datetime(2014, 10, 23, 16, 46, 45, 843000)	40.6065056	-75.3782464	3.05	-170.0	-264.0	-170.0	91.0	-205.0	-185.0	8.0	-279.0	122.0	9.0	
datetime.datetime(2014, 10, 23, 16, 46, 45, 952000)	40.6065056	-75.3782464	3.05	-170.0	-264.0	-170.0	91.0	-205.0	-185.0	8.0	-279.0	122.0	9.0	
datetime.datetime(2014, 10, 23, 16, 46, 46, 61000)	40.6065056	-75.3782464	3.05	-170.0	-264.0	-170.0	91.0	-205.0	-185.0	8.0	-279.0	122.0	9.0	
datetime.datetime(2014, 10, 23, 16, 46, 46, 170000)	40.6065056	-75.3782144	3.09	-170.0	-264.0	-170.0	91.0	-205.0	-185.0	8.0	-279.0	122.0	9.0	
datetime.datetime(2014, 10, 23, 16, 46, 46, 279000)	40.6065056	-75.378208	3.09	-170.0	-264.0	-170.0	91.0	-205.0	-185.0	8.0	-279.0	122.0	9.0	
datetime.datetime(2014, 10, 23, 16, 46, 46, 389000)	40.6065056	-75.378208	3.72	-170.0	-264.0	-170.0	91.0	-205.0	-185.0	8.0	-279.0	122.0	9.0	
datetime.datetime(2014, 10, 23, 16, 46, 46, 498000)	40.6065056	-75.378208	3.72	-170.0	-264.0	-170.0	91.0	-205.0	-185.0	8.0	-279.0	122.0	9.0	
datetime.datetime(2014, 10, 23, 16, 46, 46, 607000)	40.6065056	-75.378208	3.72	-170.0	-264.0	-170.0	91.0	-205.0	-185.0	8.0	-279.0	122.0	9.0	
datetime.datetime(2014, 10, 23, 16, 46, 46, 716000)	40.6065056	-75.378208	3.72	96.0	178.0	96.0	40.0	-159.0	221.0	-7.0	-256.0	129.0	9.0	
datetime.datetime(2014, 10, 23, 16, 46, 46, 825000)	40.6065056	-75.3781888	3.81	96.0	178.0	96.0	40.0	-159.0	221.0	-7.0	-256.0	129.0	9.0	
datetime.datetime(2014, 10, 23, 16, 46, 46, 935000)	40.6065056	-75.3781888	3.81	96.0	178.0	96.0	40.0	-159.0	221.0	-7.0	-256.0	129.0	9.0	
datetime.datetime(2014, 10, 23, 16, 46, 47, 44000)	40.6065056	-75.3781888	4.05	96.0	178.0	96.0	40.0	-159.0	221.0	-7.0	-256.0	129.0	9.0	
datetime.datetime(2014, 10, 23, 16, 46, 47, 153000)	40.6065056	-75.3781888	4.05	96.0	178.0	96.0	40.0	-159.0	221.0	-7.0	-256.0	129.0	9.0	
datetime.datetime(2014, 10, 23, 16, 46, 47, 262000)	40.6065056	-75.3781888	4.34	96.0	178.0	96.0	40.0	-159.0	221.0	-7.0	-256.0	129.0	9.0	
datetime.datetime(2014, 10, 23, 16, 46, 47, 371000)	40.6065056	-75.3781888	4.34	96.0	178.0	96.0	40.0	-159.0	221.0	-7.0	-256.0	129.0	9.0	
datetime.datetime(2014, 10, 23, 16, 46, 47, 481000)	40.6065056	-75.3781888	4.14	63.0	54.0	63.0	64.0	25.0	-76.0	-19.0	-280.0	144.0	9.0	
datetime.datetime(2014, 10, 23, 16, 46, 47, 590000)	40.6065056	-75.3781888	4.14	63.0	54.0	63.0	64.0	25.0	-76.0	-19.0	-280.0	144.0	9.0	
datetime.datetime(2014, 10, 23, 16, 46, 47, 699000)	40.6064992	-75.3781376	4.29	63.0	54.0	63.0	64.0	25.0	-76.0	-19.0	-280.0	144.0	9.0	
datetime.datetime(2014, 10, 23, 16, 46, 47, 808000)	40.6064992	-75.3781376	4.29	63.0	54.0	63.0	64.0	25.0	-76.0	-19.0	-280.0	144.0	9.0	
datetime.datetime(2014, 10, 23, 16, 46, 47, 917000)	40.6064992	-75.3781376	4.33	63.0	54.0	63.0	64.0	25.0	-76.0	-19.0	-280.0	144.0	9.0	
datetime.datetime(2014, 10, 23, 16, 46, 48, 27000)	40.6064992	-75.3781376	4.33	63.0	54.0	63.0	64.0	25.0	-76.0	-19.0	-280.0	144.0	9.0	
datetime.datetime(2014, 10, 23, 16, 46, 48, 136000)	40.6064992	-75.3781376	4.34	63.0	54.0	63.0	64.0	25.0	-76.0	-19.0	-280.0	144.0	9.0	
datetime.datetime(2014, 10, 23, 16, 46, 48, 245000)	40.6064992	-75.3781376	4.34	63.0	54.0	63.0	64.0	25.0	-76.0	-19.0	-280.0	144.0	9.0	
datetime.datetime(2014, 10, 23, 16, 46, 48, 354000)	40.6064992	-75.3781376	4.34	63.0	54.0	63.0	64.0	25.0	-76.0	-19.0	-280.0	144.0	9.0	
datetime.datetime(2014, 10, 23, 16, 46, 48, 463000)	40.6064992	-75.3781376	4.07	63.0	54.0	63.0	64.0	25.0	-76.0	-19.0	-280.0	144.0	9.0	
datetime.datetime(2014, 10, 23, 16, 46, 48, 573000)	40.6064992	-75.3781376	4.07	63.0	54.0	63.0	64.0	25.0	-76.0	-19.0	-280.0	144.0	9.0	
datetime.datetime(2014, 10, 23, 16, 46, 48, 682000)	40.6064992	-75.3781376	4.07	63.0	54.0	63.0	64.0	25.0	-76.0	-19.0	-280.0	144.0	9.0	
datetime.datetime(2014, 10, 23, 16, 46, 48, 791000)	40.6065024	-75.3780928	4.43	63.0	54.0	63.0	64.0	25.0	-76.0	-19.0	-280.0	144.0	9.0	
datetime.datetime(2014, 10, 23, 16, 46, 48, 900000)	40.6065024	-75.3780928	4.49	63.0	54.0	63.0	64.0	25.0	-76.0	-19.0	-280.0	144.0	9.0	
datetime.datetime(2014, 10, 23, 16, 46, 49, 9000)	40.6065024	-75.3780928	4.49	63.0	54.0	63.0	64.0	25.0	-76.0	-19.0	-280.0	144.0	9.0	
datetime.datetime(2014, 10, 23, 16, 46, 49, 119000)	40.6065024	-75.3780928	4.49	63.0	54.0	63.0	64.0	25.0	-76.0	-19.0	-280.0	144.0	9.0	
datetime.datetime(2014, 10, 23, 16, 46, 49, 228000)	40.6065024	-75.3780672	4.49	63.0	54.0	63.0	64.0	25.0	-76.0	-19.0	-280.0	144.0	9.0	
datetime.datetime(2014, 10, 23, 16, 46, 49, 337000)	40.6065056	-75.378048	4.21	63.0	54.0	63.0	64.0	25.0	-76.0	-19.0	-280.0	144.0	8.0	
datetime.datetime(2014, 10, 23, 16, 46, 49, 446000)	40.6065056	-75.378048	4.72	63.0	54.0	63.0	64.0	25.0	-76.0	-19.0	-280.0	144.0	8.0	
datetime.datetime(2014, 10, 23, 16, 46, 49, 555000)	40.6065056	-75.378048	4.72	20.0	218.0	20.0	64.0	-91.0	135.0	19.0	-259.0	130.0	8.0	
datetime.datetime(2014, 10, 23, 16, 46, 49, 665000)	40.6065056	-75.378048	4.72	20.0	218.0	20.0	64.0	-91.0	135.0	19.0	-259.0	130.0	8.0	
datetime.datetime(2014, 10, 23, 16, 46, 49, 774000)	40.6065088	-75.3780416	4.8	20.0	218.0	20.0	64.0	-91.0	135.0	19.0	-259.0	130.0	8.0	
datetime.datetime(2014, 10, 23, 16, 46, 49, 883000)	40.6065088	-75.3780416	4.67	20.0	218.0	20.0	64.0	-91.0	135.0	19.0	-259.0	130.0	8.0	
datetime.datetime(2014, 10, 23, 16, 46, 49, 992000)	40.606512	-75.378016	4.67	20.0	218.0	20.0	64.0	-91.0	135.0	19.0	-259.0	130.0	8.0	
datetime.datetime(2014, 10, 23, 16, 46, 50, 101000)	40.606512	-75.378016	4.67	62.0	37.0	62.0	-100.0	-180.0	-92.0	21.0	-251.0	134.0	8.0	
datetime.datetime(2014, 10, 23, 16, 46, 50, 211000)	40.606512	-75.378016	4.33	62.0	37.0	62.0	-100.0	-180.0	-92.0	21.0	-251.0	134.0	8.0	
datetime.datetime(2014, 10, 23, 16, 46, 50, 320000)	40.606512	-75.378016	4.33	62.0	37.0	62.0	-100.0	-180.0	-92.0	21.0	-251.0	134.0	8.0	
datetime.datetime(2014, 10, 23, 16, 46, 50, 429000)	40.606512	-75.378016	4.33	62.0	37.0	62.0	-100.0	-180.0	-92.0	21.0	-251.0	134.0	8.0	
datetime.datetime(2014, 10, 23, 16, 46, 50, 538000)	40.606512	-75.378016	4.73	62.0	37.0	62.0	-100.0	-180.0	-92.0	21.0	-251.0	134.0	8.0	
datetime.datetime(2014, 10, 23, 16, 46, 50, 647000)	40.606512	-75.378016	4.73	62.0	37.0	62.0	-100.0	-180.0	-92.0	21.0	-251.0	134.0	8.0	
datetime.datetime(2014, 10, 23, 16, 46, 50, 757000)	40.6065152	-75.377984	4.73	19.0	43.0	19.0	487.0	-175.0	-52.0	25.0	-260.0	128.0	8.0	
datetime.datetime(2014, 10, 23, 16, 46, 50, 866000)	40.6065152	-75.377984	4.68	19.0	43.0	19.0	487.0	-175.0	-52.0	25.0	-260.0	128.0	8.0	
datetime.datetime(2014, 10, 23, 16, 46, 50, 975000)	40.6065152	-75.377984	4.68	19.0	43.0	19.0	487.0	-175.0	-52.0	25.0	-260.0	128.0	8.0	
datetime.datetime(2014, 10, 23, 16, 46, 51, 84000)	40.6065152	-75.377984	4.68	19.0	43.0	19.0	487.0	-175.0	-52.0	25.0	-260.0	128.0	8.0	
datetime.datetime(2014, 10, 23, 16, 46, 51, 193000)	40.6065152	-75.377984	4.68	19.0	43.0	19.0	487.0	-175.0	-52.0	25.0	-260.0	128.0	8.0	
datetime.datetime(2014, 10, 23, 16, 46, 51, 303000)	40.6065152	-75.377984	4.68	19.0	43.0	19.0	487.0	-175.0	-52.0	25.0	-260.0	128.0	8.0	
datetime.datetime(2014, 10, 23, 16, 46, 51, 412000)	40.6065184	-75.3779648	4.68	19.0	43.0	19.0	487.0	-175.0	-52.0	25.0	-260.0	128.0	8.0	
datetime.datetime(2014, 10, 23, 16, 46, 51, 521000)	40.6065248	-75.3779456	4.4	19.0	43.0	19.0	487.0	-175.0	-52.0	25.0	-260.0	128.0	8.0	
datetime.datetime(2014, 10, 23, 16, 46, 51, 630000)	40.6065248	-75.3779456	4.4	19.0	43.0	19.0	487.0	-175.0	-52.0	25.0	-260.0	128.0	8.0	
datetime.datetime(2014, 10, 23, 16, 46, 51, 739000)	40.6065248	-75.3779456	4.4	19.0	43.0	19.0	487.0	-175.0	-52.0	25.0	-260.0	128.0	8.0	
datetime.datetime(2014, 10, 23, 16, 46, 51, 849000)	40.6065248	-75.3779456	4.4	19.0	43.0	19.0	487.0	-175.0	-52.0	25.0	-260.0	128.0	8.0	
datetime.datetime(2014, 10, 23, 16, 46, 51, 958000)	40.6065248	-75.3779456	4.4	19.0	43.0	19.0	487.0	-175.0	-52.0	25.0	-260.0	128.0	8.0	
datetime.datetime(2014, 10, 23, 16, 46, 52, 67000)	40.6065248	-75.3779456	4.29	19.0	43.0	19.0	487.0	-175.0	-52.0	25.0	-260.0	128.0	8.0	
datetime.datetime(2014, 10, 23, 16, 46, 52, 176000)	40.6065248	-75.3779456	4.29	19.0	43.0	19.0	487.0	-175.0	-52.0	25.0	-260.0	128.0	8.0	
datetime.datetime(2014, 10, 23, 16, 46, 52, 285000)	40.6065248	-75.3779456	4.02	19.0	43.0	19.0	487.0	-175.0	-52.0	25.0	-260.0	128.0	8.0	
datetime.datetime(2014, 10, 23, 16, 46, 52, 395000)	40.6065248	-75.3779456	4.02	19.0	43.0	19.0	487.0	-175.0	-52.0	25.0	-260.0	128.0	8.0	
datetime.datetime(2014, 10, 23, 16, 46, 52, 504000)	40.6065312	-75.37792	3.34	-109.0	82.0	-109.0	-187.0	164.0	-130.0	34.0	-213.0	141.0	8.0	
datetime.datetime(2014, 10, 23, 16, 46, 52, 613000)	40.6065344	-75.3779072	3.43	-109.0	82.0	-109.0	-187.0	164.0	-130.0	34.0	-213.0	141.0	7.0	
datetime.datetime(2014, 10, 23, 16, 46, 52, 722000)	40.6065344	-75.3779072	3.42	-728.0	-403.0	-728.0	-673.0	250.0	26.0	43.0	-215.0	143.0	7.0	
datetime.datetime(2014, 10, 23, 16, 46, 52, 831000)	40.6065408	-75.3778944	3.09	-728.0	-403.0	-728.0	-673.0	250.0	26.0	43.0	-215.0	143.0	7.0	
datetime.datetime(2014, 10, 23, 16, 46, 52, 941000)	40.6065408	-75.3778944	3.09	-728.0	-403.0	-728.0	-673.0	250.0	26.0	43.0	-215.0	143.0	7.0	
datetime.datetime(2014, 10, 23, 16, 46, 53, 50000)	40.6065408	-75.3778944	3.09	-728.0	-403.0	-728.0	-673.0	250.0	26.0	43.0	-215.0	143.0	7.0	
datetime.datetime(2014, 10, 23, 16, 46, 53, 159000)	40.606544	-75.377888	3.1	-728.0	-403.0	-728.0	-673.0	250.0	26.0	43.0	-215.0	143.0	7.0	
datetime.datetime(2014, 10, 23, 16, 46, 53, 268000)	40.606544	-75.377888	3.1	-728.0	-403.0	-728.0	-673.0	250.0	26.0	43.0	-215.0	143.0	7.0	
datetime.datetime(2014, 10, 23, 16, 46, 53, 377000)	40.606544	-75.377888	3.1	-728.0	-403.0	-728.0	-673.0	250.0	26.0	43.0	-215.0	143.0	7.0	
datetime.datetime(2014, 10, 23, 16, 46, 53, 487000)	40.606544	-75.377888	2.45	-98.0	42.0	-98.0	-20.0	123.0	-19.0	55.0	-211.0	139.0	8.0	
datetime.datetime(2014, 10, 23, 16, 46, 53, 596000)	40.606544	-75.377888	2.45	-98.0	42.0	-98.0	-20.0	123.0	-19.0	55.0	-211.0	139.0	8.0	
datetime.datetime(2014, 10, 23, 16, 46, 53, 705000)	40.6065472	-75.3778752	2.45	-98.0	42.0	-98.0	-20.0	123.0	-19.0	55.0	-211.0	139.0	8.0	
datetime.datetime(2014, 10, 23, 16, 46, 53, 814000)	40.6065536	-75.3778688	2.38	-54.0	35.0	-54.0	55.0	50.0	-4.0	56.0	-214.0	137.0	8.0	
datetime.datetime(2014, 10, 23, 16, 46, 53, 923000)	40.6065536	-75.3778688	2.01	-54.0	35.0	-54.0	55.0	50.0	-4.0	56.0	-214.0	137.0	8.0	
datetime.datetime(2014, 10, 23, 16, 46, 54, 33000)	40.6065536	-75.3778688	2.01	-54.0	35.0	-54.0	55.0	50.0	-4.0	56.0	-214.0	137.0	8.0	
datetime.datetime(2014, 10, 23, 16, 46, 54, 142000)	40.6065568	-75.3778624	1.46	-54.0	35.0	-54.0	55.0	50.0	-4.0	56.0	-214.0	137.0	8.0	
datetime.datetime(2014, 10, 23, 16, 46, 54, 251000)	40.6065568	-75.3778624	1.46	-54.0	35.0	-54.0	55.0	50.0	-4.0	56.0	-214.0	137.0	8.0	
datetime.datetime(2014, 10, 23, 16, 46, 54, 360000)	40.6065568	-75.3778624	1.46	-54.0	35.0	-54.0	55.0	50.0	-4.0	56.0	-214.0	137.0	8.0	
datetime.datetime(2014, 10, 23, 16, 46, 54, 469000)	40.6065568	-75.3778624	1.46	-54.0	35.0	-54.0	55.0	50.0	-4.0	56.0	-214.0	137.0	8.0	
datetime.datetime(2014, 10, 23, 16, 46, 54, 579000)	40.6065568	-75.3778624	1.46	-54.0	35.0	-54.0	55.0	50.0	-4.0	56.0	-214.0	137.0	8.0	
datetime.datetime(2014, 10, 23, 16, 46, 54, 688000)	40.60656	-75.3778496	1.2	-54.0	35.0	-54.0	55.0	50.0	-4.0	56.0	-214.0	137.0	8.0	
datetime.datetime(2014, 10, 23, 16, 46, 54, 797000)	40.60656	-75.3778496	1.2	-54.0	35.0	-54.0	55.0	50.0	-4.0	56.0	-214.0	137.0	8.0	
datetime.datetime(2014, 10, 23, 16, 46, 54, 906000)	40.60656	-75.3778496	1.2	-54.0	35.0	-54.0	55.0	50.0	-4.0	56.0	-214.0	137.0	8.0	
datetime.datetime(2014, 10, 23, 16, 46, 55, 15000)	40.60656	-75.3778496	1.2	-54.0	35.0	-54.0	55.0	50.0	-4.0	56.0	-214.0	137.0	8.0	
datetime.datetime(2014, 10, 23, 16, 46, 55, 125000)	40.60656	-75.3778496	0.88	-54.0	35.0	-54.0	55.0	50.0	-4.0	56.0	-214.0	137.0	8.0	
datetime.datetime(2014, 10, 23, 16, 46, 55, 234000)	40.60656	-75.3778496	0.88	-54.0	35.0	-54.0	55.0	50.0	-4.0	56.0	-214.0	137.0	8.0	
datetime.datetime(2014, 10, 23, 16, 46, 55, 343000)	40.60656	-75.3778496	0.88	-47.0	65.0	-47.0	-6.0	-37.0	15.0	71.0	-212.0	152.0	8.0	
datetime.datetime(2014, 10, 23, 16, 46, 55, 452000)	40.60656	-75.3778496	0.88	-47.0	65.0	-47.0	-6.0	-37.0	15.0	71.0	-212.0	152.0	8.0	
datetime.datetime(2014, 10, 23, 16, 46, 55, 561000)	40.60656	-75.3778496	0.88	-47.0	65.0	-47.0	-6.0	-37.0	15.0	71.0	-212.0	152.0	8.0	
datetime.datetime(2014, 10, 23, 16, 46, 55, 671000)	40.60656	-75.3778496	0.88	-47.0	65.0	-47.0	-6.0	-37.0	15.0	71.0	-212.0	152.0	7.0	
datetime.datetime(2014, 10, 23, 16, 46, 55, 780000)	40.60656	-75.3778496	0.73	-47.0	65.0	-47.0	-6.0	-37.0	15.0	71.0	-212.0	152.0	7.0	
datetime.datetime(2014, 10, 23, 16, 46, 55, 889000)	40.60656	-75.3778496	0.73	-47.0	65.0	-47.0	-6.0	-37.0	15.0	71.0	-212.0	152.0	7.0	
datetime.datetime(2014, 10, 23, 16, 46, 55, 998000)	40.6065632	-75.3778432	0.73	-47.0	65.0	-47.0	-6.0	-37.0	15.0	71.0	-212.0	152.0	7.0	
datetime.datetime(2014, 10, 23, 16, 46, 56, 107000)	40.6065664	-75.3778432	0.48	-47.0	65.0	-47.0	-6.0	-37.0	15.0	71.0	-212.0	152.0	7.0	
datetime.datetime(2014, 10, 23, 16, 46, 56, 217000)	40.6065664	-75.3778432	0.48	-47.0	65.0	-47.0	-6.0	-37.0	15.0	71.0	-212.0	152.0	7.0	
datetime.datetime(2014, 10, 23, 16, 46, 56, 326000)	40.6065664	-75.3778432	0.48	-47.0	83.0	-37.0	7.0	2.0	-6.0	64.0	-212.0	152.0	7.0	
datetime.datetime(2014, 10, 23, 16, 46, 56, 435000)	40.6065664	-75.3778432	0.48	-37.0	83.0	-37.0	7.0	2.0	-6.0	64.0	-212.0	152.0	7.0	
datetime.datetime(2014, 10, 23, 16, 46, 56, 544000)	40.6065664	-75.3778432	0.48	-37.0	83.0	-37.0	7.0	2.0	-6.0	64.0	-212.0	152.0	7.0	
datetime.datetime(2014, 10, 23, 16, 46, 56, 653000)	40.6065664	-75.3778432	0.48	-37.0	83.0	-37.0	7.0	2.0	-6.0	64.0	-212.0	152.0	7.0	
datetime.datetime(2014, 10, 23, 16, 46, 56, 763000)	40.6065664	-75.3778432	0.34	-37.0	83.0	-37.0	7.0	2.0	-6.0	64.0	-212.0	152.0	7.0	
datetime.datetime(2014, 10, 23, 16, 46, 56, 872000)	40.6065664	-75.3778432	0.17	-37.0	83.0	-37.0	7.0	2.0	-6.0	64.0	-212.0	152.0	7.0	
datetime.datetime(2014, 10, 23, 16, 46, 56, 981000)	40.6065632	-75.3778432	0.17	-37.0	83.0	-37.0	7.0	2.0	-6.0	64.0	-212.0	152.0	7.0	
datetime.datetime(2014, 10, 23, 16, 46, 57, 90000)	40.60656	-75.3778496	0.17	-37.0	83.0	-37.0	7.0	2.0	-6.0	64.0	-212.0	152.0	7.0	
datetime.datetime(2014, 10, 23, 16, 46, 57, 199000)	40.60656	-75.3778496	0.15	-37.0	83.0	-37.0	7.0	2.0	-6.0	64.0	-212.0	152.0	7.0	
datetime.datetime(2014, 10, 23, 16, 46, 57, 309000)	40.60656	-75.3778496	0.15	-37.0	83.0	-37.0	7.0	2.0	-6.0	64.0	-212.0	152.0	7.0	
datetime.datetime(2014, 10, 23, 16, 46, 57, 418000)	40.60656	-75.3778496	0.15	-37.0	83.0	-37.0	7.0	2.0	-6.0	64.0	-212.0	152.0	7.0	
datetime.datetime(2014, 10, 23, 16, 46, 57, 527000)	40.60656	-75.3778496	0.15	-37.0	83.0	-37.0	7.0	2.0	-6.0	64.0	-212.0	152.0	7.0	
datetime.datetime(2014, 10, 23, 16, 46, 57, 636000)	40.60656	-75.3778496	0.15	-37.0	83.0	-37.0	7.0	2.0	-6.0	64.0	-212.0	152.0	7.0	
datetime.datetime(2014, 10, 23, 16, 46, 57, 745000)	40.60656	-75.3778496	0.15	-37.0	83.0	-37.0	7.0	2.0	-6.0	64.0	-212.0	152.0	7.0	
datetime.datetime(2014, 10, 23, 16, 46, 57, 855000)	40.60656	-75.3778496	0.15	-37.0	83.0	-37.0	7.0	2.0	-6.0	64.0	-212.0	152.0	7.0	
datetime.datetime(2014, 10, 23, 16, 46, 57, 964000)	40.60656	-75.3778496	0.15	-37.0	83.0	-37.0	7.0	2.0	-6.0	64.0	-212.0	152.0	7.0	
datetime.datetime(2014, 10, 23, 16, 46, 58, 73000)	40.60656	-75.3778496	0.15	-37.0	83.0	-37.0	7.0	2.0	-6.0	64.0	-212.0	152.0	7.0	
datetime.datetime(2014, 10, 23, 16, 46, 58, 182000)	40.60656	-75.3778496	0.15	-37.0	83.0	-37.0	7.0	2.0	-6.0	64.0	-212.0	152.0	7.0	
datetime.datetime(2014, 10, 23, 16, 46, 58, 291000)	40.60656	-75.3778496	0.15	-37.0	83.0	-37.0	7.0	2.0	-6.0	64.0	-212.0	152.0	7.0	
datetime.datetime(2014, 10, 23, 16, 46, 58, 401000)	40.60656	-75.3778496	0.15	-37.0	83.0	-37.0	7.0	2.0	-6.0	64.0	-212.0	152.0	7.0	
datetime.datetime(2014, 10, 23, 16, 46, 58, 510000)	40.60656	-75.3778496	0.15	-37.0	83.0	-37.0	7.0	2.0	-6.0	64.0	-212.0	152.0	7.0	
datetime.datetime(2014, 10, 23, 16, 46, 58, 619000)	40.6065568	-75.3778496	0.15	-37.0	83.0	-37.0	7.0	2.0	-6.0	64.0	-212.0	152.0	7.0	
datetime.datetime(2014, 10, 23, 16, 46, 58, 728000)	40.6065568	-75.3778496	0.31	-37.0	83.0	-37.0	7.0	2.0	-6.0	64.0	-212.0	152.0	7.0	
datetime.datetime(2014, 10, 23, 16, 46, 58, 837000)	40.6065568	-75.3778496	0.1	240.0	38.0	240.0	126.0	60.0	-344.0	78.0	-219.0	151.0	7.0	
datetime.datetime(2014, 10, 23, 16, 46, 58, 947000)	40.6065568	-75.3778496	0.1	240.0	38.0	240.0	126.0	60.0	-344.0	78.0	-219.0	151.0	7.0	
datetime.datetime(2014, 10, 23, 16, 46, 59, 56000)	40.6065568	-75.3778496	0.33	240.0	38.0	240.0	126.0	60.0	-344.0	78.0	-219.0	151.0	7.0	
datetime.datetime(2014, 10, 23, 16, 46, 59, 165000)	40.6065568	-75.3778496	0.87	240.0	38.0	240.0	126.0	60.0	-344.0	78.0	-219.0	151.0	7.0	
datetime.datetime(2014, 10, 23, 16, 46, 59, 274000)	40.6065568	-75.3778496	1.16	115.0	-152.0	115.0	198.0	-5.0	-1650.0	138.0	-195.0	143.0	7.0	
datetime.datetime(2014, 10, 23, 16, 46, 59, 383000)	40.6065568	-75.3778496	1.16	115.0	-152.0	115.0	198.0	-5.0	-1650.0	138.0	-195.0	143.0	7.0	
datetime.datetime(2014, 10, 23, 16, 46, 59, 493000)	40.6065568	-75.3778496	1.16	115.0	-152.0	115.0	198.0	-5.0	-1650.0	138.0	-195.0	143.0	7.0	
datetime.datetime(2014, 10, 23, 16, 46, 59, 602000)	40.6065568	-75.3778496	1.16	115.0	-152.0	115.0	198.0	-5.0	-1650.0	138.0	-195.0	143.0	7.0	
datetime.datetime(2014, 10, 23, 16, 46, 59, 711000)	40.6065632	-75.3778496	1.16	115.0	-152.0	115.0	198.0	-5.0	-1650.0	138.0	-195.0	143.0	7.0	
datetime.datetime(2014, 10, 23, 16, 46, 59, 820000)	40.6065632	-75.3778496	1.16	115.0	-152.0	115.0	198.0	-5.0	-1650.0	138.0	-195.0	143.0	7.0	
datetime.datetime(2014, 10, 23, 16, 46, 59, 929000)	40.6065632	-75.3778496	1.16	115.0	-152.0	115.0	198.0	-5.0	-1650.0	138.0	-195.0	143.0	7.0	
datetime.datetime(2014, 10, 23, 16, 47, 0, 39000)	40.6065632	-75.3778496	1.16	115.0	-152.0	115.0	198.0	-5.0	-1650.0	138.0	-195.0	143.0	7.0	
datetime.datetime(2014, 10, 23, 16, 47, 0, 148000)	40.6065696	-75.3778496	1.53	115.0	-152.0	115.0	198.0	-5.0	-1650.0	138.0	-195.0	143.0	7.0	
datetime.datetime(2014, 10, 23, 16, 47, 0, 257000)	40.6065696	-75.3778496	1.53	115.0	-152.0	115.0	198.0	-5.0	-1650.0	138.0	-195.0	143.0	7.0	
datetime.datetime(2014, 10, 23, 16, 47, 0, 366000)	40.6065696	-75.3778496	1.53	115.0	-152.0	115.0	198.0	-5.0	-1650.0	138.0	-195.0	143.0	7.0	
datetime.datetime(2014, 10, 23, 16, 47, 0, 475000)	40.6065696	-75.3778496	1.77	81.0	-337.0	81.0	-20.0	-9.0	-841.0	63.0	67.0	132.0	7.0	
datetime.datetime(2014, 10, 23, 16, 47, 0, 585000)	40.6065696	-75.3778624	1.77	81.0	-337.0	81.0	-20.0	-9.0	-841.0	63.0	67.0	132.0	7.0	
datetime.datetime(2014, 10, 23, 16, 47, 0, 694000)	40.6065696	-75.3778624	1.77	81.0	-337.0	81.0	-20.0	-9.0	-841.0	63.0	67.0	132.0	7.0	
datetime.datetime(2014, 10, 23, 16, 47, 0, 803000)	40.6065664	-75.3778688	2.06	81.0	-337.0	81.0	-20.0	-9.0	-841.0	63.0	67.0	132.0	7.0	
datetime.datetime(2014, 10, 23, 16, 47, 0, 912000)	40.6065664	-75.3778688	2.06	81.0	-337.0	81.0	-20.0	-9.0	-841.0	63.0	67.0	132.0	7.0	
datetime.datetime(2014, 10, 23, 16, 47, 1, 21000)	40.6065664	-75.3778688	2.57	